16
22
28
34
40
46
52
58
64
70
76
85
94
109
126
148
174
204
238
274
309
345
384
408
410
393
378
401
435
482
528
572
611
640
651
674
622
581
496
455
452
458
489
500
524
547
604
662
705
704
713
752
782
806
834
863
926
926
927
944
904
824
705
695
710
752
797
814
840
837
850
879
899
904
882
874
899
935
1007
1080
1132
1140
1170
1204
1147
1094
1051
1085
1126
1162
1234
1271
1264
1233
1185
1203
1208
1189
1167
1205
1244
1250
1250
1279
1326
1387
1438
1525
1481
1420
1307
1302
1383
1508
1652
1816
1898
1965
2010
1991
1935
1774
1606
1611
1650
1706
1599
1563
1560
1566
1616
1742
1868
1919
1881
1774
1612
1580
1598
1674
1709
1641
1644
1688
1708
1677
1643
1754
1841
1907
1873
1742
1732
1721
1713
1786
1808
1689
1629
1680
1785
1935
2078
2215
2253
2181
2034
1970
1882
1832
1785
1847
1941
2133
2299
2386
2466
2455
2466
2468
2402
2311
2212
2257
2350
2466
2533
2346
2226
2132
2143
2254
2324
2225
2091
2041
2047
2164
2328
2502
2620
2771
2900
3037
3045
2911
2625
2455
2413
2478
2593
2681
2623
2605
2642
2775
2649
2473
2247
2246
2342
2537
2682
2666
2372
2238
2211
2299
2408
2569
2650
2868
3056
3260
3457
3484
3584
3591
3645
3680
3608
3345
3030
2984
2932
2934
2917
2914
2949
2997
3049
3186
3120
3009
2746
2702
2667
2648
2669
2825
3049
3151
3122
2952
2710
2567
2437
2323
2371
2528
2715
2865
2934
2929
2994
3062
3120
3149
2975
2911
2849
2869
2938
3100
3325
3372
3343
3331
3243
2987
2722
2647
2649
2689
2750
2793
2889
2966
3155
3372
3501
3425
3170
3054
2996
2965
2989
3024
3163
3382
3682
3861
3863
3823
3425
3158
3049
3069
3109
3130
3146
3154
3196
3251
3287
3246
3033
3003
3017
3053
3127
3203
3357
3513
3715
4010
4131
4020
3645
3504
3310
3237
3210
3228
3272
3372
3496
3712
3710
3638
3482
3587
3750
3789
3806
3836
3742
3680
3457
3339
3168
2973
2890
3033
3371
3730
4139
4131
4114
4080
4046
4086
3948
3758
3571
3607
3749
3866
4045
4213
4235
4202
4018
3889
3722
3454
3253
3263
3423
3571
3394
3279
3253
3309
3401
3455
3173
2958
2874
3000
3093
3232
3415
3505
3584
3614
3776
3947
4093
4148
4115
4362
4672
4902
4695
4540
4527
4515
4457
4513
4347
4170
3888
3914
4151
4219
4336
4177
4113
4095
4026
4043
3966
3796
3549
3538
3656
3734
3933
4216
4599
4917
4999
4938
4645
4317
3907
3831
3880
3980
4046
4186
4407
4579
4684
4947
4582
4198
3853
3814
3923
4116
4304
4547
4718
4936
5111
5369
5281
4999
4547
4252
4174
4144
4199
4321
4582
4819
5009
5255
5388
4880
4256
3854
3724
3718
3771
3903
4182
4517
4796
5041
4999
4815
4584
4695
4932
4960
4926
4972
4965
4999
4999
5074
4999
4514
4018
3858
3869
3965
4124
4266
4563
4850
4999
4999
4696
4375
4021
3948
4084
4177
4101
4227
4468
4671
4913
4999
4900
4708
4478
4466
4575
4792
4999
5024
4999
4999
5122
5182
4999
4559
4141
3957
4049
4329
4700
5117
5552
6021
5559
5126
4799
4542
4178
4149
4258
4480
4749
4999
5156
5140
5299
5531
5494
5182
4668
4437
4446
4646
4825
4999
5222
5393
5574
5297
5024
4645
4362
4328
4455
4671
4773
4966
5211
5427
5630
5779
5675
4999
4553
4473
4655
4840
4999
4999
5067
4999
4999
4999
4994
4844
4623
4687
4894
4999
5176
5380
5767
5996
6224
5919
5493
4999
4586
4560
4759
4999
5231
5404
5731
5785
5612
5496
5304
5074
4828
4926
4999
4999
5002
5114
5338
5617
5974
6231
6331
5726
5336
4999
4941
4999
5017
5130
5158
5355
5573
5835
5480
5197
4908
4829
4923
4999
5094
5123
5172
5224
5416
5642
5661
5534
5328
5435
5604
5754
5778
5689
5560
5465
5461
5626
5746
5750
5663
5831
5674
5485
5294
5359
5552
5825
6166
6506
6450
6218
5876
5665
5298
5154
5063
5104
5062
5224
5482
5878
5811
5803
5772
6061
6421
6265
6031
5689
5471
5393
5366
5556
5614
5713
5761
6220
6838
7495
8005
7576
7057
6574
6319
6254
6189
6034
5995
6421
6565
6540
6428
6132
6102
5974
5842
5782
5493
5207
4999
5042
5307
5829
6423
7007
7257
6631
5929
5296
4870
4648
4418
4555
4943
5345
5651
5880
5708
5473
5147
5002
4912
4628
4299
4329
4469
4611
4683
4877
4999
4999
4999
4891
4680
4266
3860
3827
3918
4142
4262
4414
4565
4635
4771
4878
4755
4593
4288
4299
4402
4503
4664
4855
4999
5026
5036
4980
4926
4699
4508
4475
4586
4721
4852
4999
4999
4999
4999
4999
4999
4624
4190
4089
4122
4286
4451
4621
4925
5116
5287
5460
4999
4596
4114
4068
4234
4546
4915
5209
5370
5504
5151
4999
4828
4543
4182
4231
4402
4749
5029
5280
5548
5685
5615
5460
4999
4601
4210
4215
4419
4721
4999
5153
5412
5624
5771
5666
5099
4681
4232
4123
4229
4489
4800
5060
5184
5082
4999
4999
4964
4612
4279
4252
4366
4566
4862
4984
5077
5293
5365
5457
5235
4926
4567
4633
4812
4999
5064
5028
4999
4999
4969
5074
4999
4706
4461
4464
4538
4762
4936
4999
4999
4999
4999
5246
5296
5170
4999
4999
4999
5007
5053
5069
5108
4999
4999
5090
5069
4999
4924
4847
4994
4999
4999
4999
5055
4999
4982
4999
4997
4999
4907
4999
4983
4999
4999
4999
5031
4999
4959
4990
4929
4713
4565
4735
4999
5177
5168
5179
5161
5123
5097
5162
4999
4794
4388
4363
4563
4786
4999
4999
5049
5138
5106
5077
4999
4934
4785
4999
5184
5621
5661
5638
5590
5332
5146
5012
4999
4764
4608
4879
5222
5546
5883
5747
5524
5332
5151
5100
4999
4732
4485
4643
4919
5147
5255
5483
5541
5502
5460
5508
5310
4999
4738
4858
5059
5028
5027
5015
4999
4999
5023
5207
5210
5073
4981
4999
4999
5001
4999
5024
4999
4999
4981
5018
4945
4999
4961
5168
5123
5293
5099
5025
4999
4999
4999
5044
4999
4942
4858
4999
5227
5627
6000
5989
5626
5344
5216
5259
5158
4999
4908
5029
5294
5411
5625
5862
6121
6371
6088
5871
5416
4967
4629
4701
4811
4999
5048
5222
5310
5474
5350
5417
5118
4946
4637
4581
4688
4953
5088
5392
5614
5722
5791
5992
5649
5244
4853
4811
4964
5086
5143
5161
5263
5261
5371
5442
5380
5037
4788
4912
4999
5078
5089
5191
5353
5548
5763
6052
5759
5533
5292
5382
5541
5423
5298
5234
5285
5329
5410
5581
5560
5451
4999
4999
4999
4999
5059
5194
5373
5425
5446
5328
5157
4999
4973
4999
5099
5194
5426
5821
5959
6121
5902
5878
5487
5004
4572
4628
4846
5080
5408
5777
6318
6742
7011
7007
6544
5869
5147
4992
4999
5132
5338
5688
6105
6330
6572
6285
5775
5363
5034
4999
5174
5131
5255
5546
5836
6125
6139
6028
5866
5684
5320
5345
4999
4652
4525
4417
4545
4667
4778
4942
4840
4511
4041
3970
4078
4272
4512
4770
4935
4999
4987
4960
4772
4346
3830
3736
3812
3982
4068
4245
4448
4506
4566
4659
4432
4067
3544
3437
3550
3660
3826
4024
4285
4481
4694
4999
4952
4711
4250
4281
4354
4578
4794
4838
4999
4999
4999
4999
4820
4348
3709
3613
3648
3794
3958
4176
4259
4361
4411
4517
4379
4084
3657
3591
3681
3949
4219
4316
4526
4644
4692
4769
4571
4124
3695
3638
3782
4029
4273
4416
4684
4860
4903
4992
4747
4314
3832
3707
3752
4004
4226
4425
4681
4888
4943
4999
4785
4445
3866
3733
3763
3898
4120
4366
4468
4561
4596
4683
4581
4249
3883
3811
3894
4081
4249
4407
4622
4728
4822
4868
4655
4305
3853
3831
3984
4137
4357
4538
4717
4823
4885
4877
4542
4004
3459
3349
3452
3674
3946
4192
4364
4554
4701
4810
4663
4247
3801
3634
3750
3938
4069
4306
4525
4558
4697
4839
4710
4432
4011
4010
4158
4302
4539
4783
4858
4901
4937
4999
4864
4436
3881
3751
3820
4060
4327
4457
4660
4773
4844
4995
4696
4279
3723
3598
3690
3925
4050
4288
4586
4729
4873
4999
4673
4302
3806
3699
3787
4014
4279
4449
4681
4843
4930
4999
4786
4309
3780
3692
3817
4038
4177
4368
4589
4658
4794
4829
4670
4240
3708
3601
3663
3886
4115
4196
4401
4427
4524
4623
4528
4158
3703
3686
3851
4100
4324
4431
4670
4751
4678
4801
4594
4305
3876
3881
4004
4275
4529
4774
4998
4888
4834
4803
4449
3945
3382
3261
3261
3433
3671
3895
4132
4285
4240
4409
4350
4088
3767
3769
3883
4088
4346
4540
4768
4936
4882
4975
4687
4274
3741
3684
3778
3904
4051
4228
4359
4450
4478
4573
4507
4168
3632
3582
3588
3795
3984
4240
4490
4580
4739
4919
4655
4292
3888
3764
3797
4052
4280
4532
4803
4931
4999
4999
4619
4133
3542
3428
3530
3682
3827
4068
4304
4350
4447
4523
4217
3890
3411
3294
3396
3529
3780
4022
4314
4365
4466
4587
4452
4216
3816
3789
3920
4123
4360
4613
4872
4844
4921
4986
4726
4286
3789
3705
3770
4011
4229
4465
4531
4576
4548
4657
4490
4154
3671
3613
3734
3858
4073
4237
4488
4502
4593
4775
4602
4228
3816
3785
3900
4136
4412
4552
4758
4783
4784
4846
4676
4291
3822
3794
3946
4163
4263
4455
4647
4735
4886
4999
4914
4582
4086
3926
3923
4081
4276
4351
4378
4417
4552
4563
4388
4072
3697
3767
3895
4105
4335
4571
4800
4930
4898
4999
4706
4338
3843
3786
3935
4205
4457
4753
4878
4994
4958
4852
4555
4062
3554
3363
3438
3641
3908
4178
4469
4670
4796
4942
4716
4353
3829
3616
3689
3939
4136
4269
4465
4580
4622
4652
4342
4023
3513
3458
3525
3732
3960
4087
4292
4466
4572
4793
4610
4209
3757
3714
3837
4083
4261
4516
4770
4820
4937
4999
4696
4274
3871
3748
3915
4171
4356
4586
4750
4777
4796
4892
4550
4241
3812
3843
4028
4305
4475
4764
4999
5018
4999
4999
4635
4216
3646
3544
3645
3887
4033
4221
4375
4415
4350
4413
4355
4041
3621
3555
3706
3992
4324
4654
4974
5021
4999
4999
4617
4199
3573
3528
3664
3873
3977
4201
4433
4502
4448
4505
4329
3977
3537
3516
3649
3847
3992
4237
4445
4510
4551
4688
4445
4277
3851
3845
4038
4271
4431
4644
4869
4902
4933
4999
4748
4361
3749
3609
3703
3987
4236
4479
4761
4882
4801
4890
4742
4478
3994
3976
4062
4240
4395
4663
4944
4999
4999
4999
4624
4156
3651
3561
3713
3958
4165
4235
4405
4487
4477
4605
4524
4259
3844
3853
3984
4224
4427
4673
4919
4949
4911
4852
4599
4235
3629
3513
3556
3788
4052
4288
4493
4606
4653
4774
4657
4323
3761
3663
3674
3889
4136
4393
4547
4689
4784
4778
4631
4136
3696
3612
3722
3972
4158
4424
4673
4833
4901
4999
4843
4506
4009
3998
4130
4253
4491
4699
4787
4791
4726
4750
4569
4117
3627
3572
3676
3871
4020
4185
4376
4480
4608
4745
4686
4408
4002
3958
4085
4233
4391
4638
4721
4766
4709
4815
4660
4277
3800
3710
3802
3969
4189
4249
4364
4409
4416
4533
4336
3966
3586
3563
3648
3879
4127
4384
4457
4559
4537
4640
4422
4046
3571
3478
3507
3694
3951
4182
4279
4363
4365
4433
4225
3923
3458
3398
3536
3680
3899
4134
4336
4506
4587
4749
4665
4421
3965
3931
4062
4282
4505
4735
4897
4954
4999
4999
4791
4338
3871
3766
3883
4032
4190
4390
4593
4548
4568
4716
4424
4115
3627
3639
3800
4098
4337
4665
4897
4938
4943
4999
4776
4314
3778
3755
3931
4196
4465
4701
4964
4881
4898
4906
4635
4114
3457
3337
3372
3580
3810
4089
4207
4283
4330
4460
4437
4183
3894
3861
3948
4165
4385
4564
4819
4874
4799
4780
4467
4049
3546
3450
3532
3741
4001
4281
4534
4686
4767
4755
4510
4130
3698
3712
3823
4094
4368
4701
4999
4999
4999
4999
4690
4156
3624
3445
3495
3738
4032
4264
4451
4451
4543
4629
4333
4065
3593
3592
3683
3908
4140
4376
4521
4630
4786
4903
4805
4418
3855
3749
3805
3855
4046
4234
4350
4447
4520
4553
4492
4246
3899
3891
3967
4204
4424
4648
4839
4901
4959
4973
4583
4181
3669
3646
3769
3880
4124
4343
4509
4619
4664
4701
4469
4147
3735
3704
3883
4175
4427
4594
4830
4999
4999
4999
4761
4344
3794
3643
3716
3917
4010
4208
4451
4603
4647
4870
4721
4444
3903
3803
3913
4051
4308
4425
4614
4725
4681
4800
4615
4336
3859
3839
3969
4165
4388
4626
4733
4812
4878
4861
4641
4269
3831
3841
4006
4209
4502
4799
4935
4980
4916
4900
4612
4100
3560
3460
3536
3716
3853
4061
4257
4302
4394
4491
4346
4081
3697
3627
3760
4027
4289
4434
4651
4755
4687
4734
4496
4114
3631
3600
3766
4036
4347
4618
4841
4975
4958
4999
4697
4279
3755
3654
3738
3965
4201
4448
4562
4663
4621
4699
4340
3943
3456
3403
3458
3620
3863
4138
4212
4311
4380
4415
4354
4041
3602
3633
3810
4112
4392
4647
4904
4999
4996
4999
4632
4310
3689
3543
3556
3713
3973
4167
4402
4482
4541
4682
4466
4130
3665
3538
3601
3820
4031
4279
4517
4695
4845
4968
4666
4220
3604
3444
3419
3591
3803
4055
4177
4316
4426
4695
4563
4285
3924
3951
4139
4400
4548
4791
4999
4999
4999
5012
4783
4405
3886
3802
3924
4208
4370
4559
4786
4756
4701
4713
4479
4067
3645
3600
3780
4077
4267
4519
4672
4644
4736
4818
4510
4245
3743
3781
3860
4082
4341
4610
4801
4910
4910
4969
4592
4131
3586
3578
3639
3854
4147
4354
4677
4842
4999
4999
4796
4359
3833
3792
3892
4042
4283
4546
4791
4852
4922
4900
4580
4044
3542
3427
3522
3738
3960
4183
4408
4572
4725
4925
4717
4429
3903
3816
3863
4045
4228
4352
4545
4672
4785
4936
4699
4372
3886
3835
3940
4079
4268
4506
4811
4976
5009
4999
4742
4391
3686
3523
3598
3790
4005
4228
4438
4626
4735
4999
4828
4543
3909
3748
3795
3964
4142
4356
4560
4670
4732
4797
4636
4174
3677
3542
3548
3753
3978
4081
4280
4334
4410
4421
4262
3950
3500
3468
3545
3756
3979
4253
4443
4349
4308
4421
