13
16
19
20
21
23
25
27
29
30
32
35
40
46
53
61
69
79
91
103
117
131
147
166
189
216
247
279
319
365
419
479
547
626
716
818
936
1074
1225
1394
1587
1816
2081
2388
2739
3132
2899
2759
2797
2885
3120
3404
3790
4148
4107
3980
3887
3954
4080
4224
4419
4372
3656
3426
3314
3385
3272
3431
3602
3718
3761
3859
4027
3948
4003
4286
4633
4528
4479
4629
4678
4771
4918
5135
5382
5410
5112
5200
4971
4972
4985
4999
4999
5015
4999
5071
5017
4999
4819
4975
5017
5164
5013
4999
4999
5073
5199
5472
5629
5849
5787
6337
7011
7677
7478
7169
6825
6477
6156
6140
6126
6205
6338
6918
7799
8835
9855
9284
8517
7999
7618
7449
7080
6814
6614
7057
7542
7734
7576
7564
7811
8100
8330
8804
9026
9075
8632
8287
8353
8815
9429
10202
11213
12065
11645
10996
10404
9777
8989
9158
9696
10683
11582
12446
12556
12075
11008
10372
9844
9410
8870
8918
9209
9688
10384
11328
12369
13269
13558
12230
11323
10781
10684
11240
11883
12353
12866
13328
13656
13053
12132
11396
10882
10408
10170
10654
11319
11958
12678
13470
14123
13652
13126
13014
13013
12735
12344
12563
13517
14350
15181
16101
16111
15608
15010
14406
13735
13143
12492
12627
13435
14866
16423
17945
18546
17140
15908
15202
14788
14234
13402
13824
14592
15711
16640
16641
16919
17003
16805
16632
15885
14928
14022
14014
14583
15580
16537
16467
16454
16305
16103
16189
16051
15904
15400
15673
16195
16849
17675
18425
19287
19302
17387
16313
15340
14423
13295
13129
13558
14191
14336
14519
14809
15359
15785
15986
15529
15280
14992
15446
16104
17079
17035
16836
16689
16437
15622
14953
14071
13209
12480
12856
13720
14739
15539
16071
16574
16895
16430
15927
15394
14934
14159
14594
15614
17117
18544
19892
20596
20738
20002
19105
17797
16230
14413
14281
15017
16193
17374
18411
19041
19041
18621
18204
17543
16890
15848
15769
16474
17442
18210
18564
18852
18738
18387
18221
17421
16723
15743
16048
16824
17588
17943
18652
19386
19974
19616
18831
17608
16685
15986
16733
17914
18800
19212
19789
20248
20732
20686
20593
20298
20289
20123
20885
20458
20360
20125
20285
20272
20295
19511
19504
19293
19000
18152
18039
18647
19757
20576
20990
20995
21319
21566
22106
22070
21368
19125
18392
18134
18761
19587
20252
21159
22271
23019
23334
23366
22775
22187
22906
23375
24173
24643
25335
25697
25817
25322
24791
23868
22135
20422
20525
20606
20448
20498
21047
21989
23171
23426
22868
21648
20263
18964
18897
19463
20609
22112
23679
24665
24920
24523
24297
23563
22344
21149
21518
22040
22828
23584
24966
26236
27154
26463
25629
23856
21911
20263
20123
20390
21379
22546
23977
25393
26258
24958
23815
22804
22004
21697
22391
23438
24818
26219
27614
28739
29202
28336
26964
25202
23802
22793
23674
24573
24938
24758
24313
24059
23952
23433
22747
21962
21349
20451
21248
22529
23804
24550
25189
26321
27229
27667
28117
27550
26719
25128
24926
25223
25871
26484
27342
28239
28903
28338
27413
25954
24502
23096
23390
24422
25957
27174
28181
29225
30273
30136
28936
27348
26098
25499
26875
27381
27577
27821
27777
28137
28405
27735
27592
26894
26098
24886
24963
25377
26367
27498
28828
29143
28952
28477
29138
29806
29804
28226
27974
28431
29714
30746
32071
32936
32660
31413
30272
28309
26071
24874
26199
28164
29370
29975
30672
30880
30956
30882
31028
29775
28015
26048
26021
27054
28991
30090
31072
31945
32275
32315
32230
31865
30983
29509
29315
30145
31404
32205
32542
32686
32356
31712
31158
30026
28892
27973
28300
29053
29936
30193
30509
31047
31278
30231
29632
28863
27882
27030
27459
28145
29150
30201
31474
32845
33948
34552
34938
34267
32785
31148
31393
32636
34317
36016
37459
38302
38874
37852
36503
34940
32847
30899
31124
32061
32831
33160
33766
34255
34630
34096
33784
33147
32495
31524
31513
32418
33518
33986
34163
34369
34195
33327
33028
32030
30948
30317
31439
32743
34840
36516
37763
37893
38004
37612
37335
35799
33719
31581
31190
31977
33804
34914
35453
36111
36161
35282
34830
33979
32919
30987
31276
32619
34602
36703
38263
38930
39230
39124
38983
37579
35628
33952
34183
34965
36334
37353
38373
38775
39231
39282
40295
39984
38659
36377
35780
36066
37533
38266
38952
39478
39729
39111
38538
37673
36832
35946
36252
36008
36536
37141
37767
38213
38305
38457
39079
39115
38590
36867
36815
36892
36998
37340
38366
38987
39120
38019
37428
36496
35400
34503
35730
37642
39771
41039
41641
41212
41299
40545
40007
38896
38232
37162
38134
39589
40680
41456
41974
42602
42500
41730
41383
40250
38719
36271
36391
37261
39146
40987
42401
42787
43074
42474
41620
40301
39356
38082
38601
38816
39966
40926
41985
42953
44019
43963
43435
41682
39222
36981
36964
38459
40525
41857
42442
41647
40804
39497
39184
38514
38121
37607
39377
40836
41822
41566
42209
43207
44438
44901
45285
44926
43085
40259
40152
40617
41977
43061
44370
45402
45876
45190
44419
42926
40934
38542
38525
39507
41026
42204
43658
44073
45058
44350
43975
42274
39994
37177
36783
37452
38933
40806
43429
46003
47808
47714
48195
46965
44973
42362
42183
43013
44011
45164
46863
48367
49421
48768
47287
44551
42290
40128
40685
42142
44564
46193
47173
47351
46706
45046
44096
42805
41585
40967
43559
45997
48769
50825
51258
51471
51683
50790
50001
47655
45005
42494
42556
43636
45404
47272
49523
50765
50923
49487
48273
45943
43896
41618
42114
43363
44610
45835
46880
48121
48756
47987
47837
47199
46524
44206
44424
45227
46648
48316
50355
51886
53296
52710
52041
50376
47851
44982
44617
46007
47727
49248
50882
51512
51212
49212
47736
45725
43871
42498
43973
45666
47514
48731
49696
50415
51136
50006
49098
48150
46661
45187
45920
46679
48195
49211
49952
50634
51440
51495
45567
40316
36149
33169
33551
34694
36588
37404
38387
38931
39101
37895
37660
36463
34869
32810
33069
34149
35545
36831
37750
38590
39416
38376
38049
35993
33615
31280
31363
32094
33463
34451
35818
37198
37639
37085
36685
35714
34629
33285
33935
34842
36097
36878
38052
39048
39869
39835
40324
40323
39699
37719
37981
38806
39790
39926
39803
39760
39673
38470
38208
37030
35953
34521
36047
37371
38485
39179
40033
40648
40897
39737
39364
37740
35881
33386
33725
35311
37349
38270
39178
39514
39403
38590
38254
37255
36038
34253
34793
36026
38352
40220
42104
43169
43712
43050
41916
39986
37876
34561
34809
36312
38362
39433
40835
41702
41581
39960
38754
37004
35109
32510
33035
34245
36170
37945
39620
40773
41299
40771
40363
38618
36773
34595
34656
35700
37044
38211
39880
40910
41299
41047
41197
39804
38048
36485
37219
38122
39782
40833
41718
42868
43933
43714
44201
42803
40433
37167
37707
39042
40534
40943
41827
42341
42530
41047
40235
38705
36621
34351
35323
37530
39869
41054
41891
41888
41228
39821
38965
37771
36481
34801
35631
37590
39560
41219
42705
43261
43635
43287
42991
41486
40155
38874
39442
40629
42224
43516
44882
45223
45669
45163
44494
42491
39835
36767
36933
38378
40651
42242
43475
43890
43726
42069
41314
40038
38590
36817
37828
39248
41638
43246
44251
44483
44781
43973
43831
42027
39931
37283
37887
39235
40964
42348
43506
44470
45142
44572
44208
42279
39630
36707
37063
38029
39704
41274
42877
44353
45611
45636
46053
44945
42328
39845
40564
42261
44845
45997
47154
47878
48523
47274
43675
38585
34187
29972
29653
31045
32952
34563
36051
36660
37038
35952
35632
34376
32518
29709
29821
31008
32896
34682
36787
37626
38178
38156
38243
37194
35304
32582
33404
35419
37726
39069
40573
41671
42154
40842
39345
36359
32854
29634
29179
30010
31575
32329
33417
34539
35753
35895
36654
36166
35611
33814
34369
35395
37296
38506
39800
39974
39969
38769
38547
36661
33792
30517
30672
31990
34093
35353
37228
38473
39136
38608
37977
35933
33546
30911
31193
32170
33768
35265
37226
38573
39036
38805
39134
38041
36023
33743
33979
35175
36922
38384
39508
39977
40071
39030
38641
37561
35688
33555
33790
35121
37088
38302
39600
39290
38665
37008
36247
34727
32913
31325
32668
34266
36229
37428
37992
38359
37928
36742
35839
34604
32933
30634
31294
33144
35469
36820
38342
38878
39068
38483
38777
37540
35560
33307
33765
35120
36916
38051
39183
40097
41123
41187
40874
38991
36169
32735
32413
33303
34634
35740
37579
38937
39327
38267
37867
36123
33792
31028
31682
33337
35800
37670
39272
40028
39941
38694
37726
36137
33970
31806
32648
34536
37010
38710
39543
39135
38604
37083
36347
35130
33601
31922
33229
35242
37410
39106
40633
42043
42515
41392
40691
38937
36600
33618
34137
35653
37777
39175
40652
41241
40898
39454
38923
36979
34548
30877
30647
31896
33924
35641
37402
38813
39545
39186
38679
37254
35450
33355
34126
35572
37507
38868
40194
41212
41659
40983
40511
38273
35325
32399
33188
35016
37614
39406
41279
42232
41963
40433
39615
37767
35473
32825
32875
33860
35557
37202
39396
40600
41159
39749
38329
36299
34360
32908
34655
36653
38354
39691
41116
42933
44116
43388
42719
40652
37934
34724
35514
37228
39787
41113
42658
43462
43042
40978
40210
38213
36084
32936
33020
34535
36876
38679
40308
41249
41304
39882
38393
36695
34664
32605
33416
35101
36916
38023
39096
40049
40366
39384
38620
36588
34731
32881
34034
36252
38527
39820
41179
41719
41731
40756
40759
39681
37450
34668
35218
37270
39735
41162
41975
41896
41490
40489
40182
38772
37278
35430
35791
37111
39321
40620
41957
42677
41833
40104
39303
37905
35592
33307
33761
34944
36544
37595
38828
39707
39919
39097
39237
38608
37157
34765
34467
35732
37977
40140
42366
43080
43857
43186
42697
41482
39755
36932
37016
38739
41240
42640
43870
44444
44617
43383
43155
40332
37490
34315
34739
36048
38287
39688
40648
41209
41172
40337
39738
35158
30547
25751
25234
26462
28679
30345
32444
34108
34991
34001
33103
30620
27921
24962
25268
26714
28944
30317
31462
31917
31988
30962
30871
29167
27199
25162
25993
27674
29628
30965
32461
33295
33456
32287
31284
29311
27381
25182
25776
27248
29334
30546
31669
31976
32026
30804
30011
28412
26778
24670
25289
26913
28960
30395
31313
31322
30863
28908
27781
25919
23994
21684
22286
23760
25843
27367
28703
29535
30058
29554
29313
28052
26478
24685
26034
28335
31167
33339
34727
35190
35166
33820
33407
31877
29902
27319
27727
29025
30710
31506
32334
32887
33004
32067
31906
30227
28132
25449
25970
27226
28823
29488
30485
31226
31402
30213
29380
27624
25977
24103
24806
26465
28565
29892
31209
32328
33197
32252
31071
28569
25681
22799
23293
25102
27469
29191
30832
31295
31263
30350
30257
29353
27921
25880
27124
29331
31979
34027
35838
36944
37254
35864
34312
31943
28734
25330
25216
26371
28349
29591
30687
31330
31324
30138
29080
27214
24939
22385
23025
24729
26776
27847
29175
30145
30737
30612
30514
29334
27715
25694
26589
28597
31026
32286
32845
33110
33121
31664
31020
29038
27006
24741
25540
27212
29339
30266
31104
31488
31448
30307
29547
27913
26214
24110
24817
26506
28288
29519
30960
32125
32925
32368
31826
30057
27887
25420
25917
27717
30328
31761
32857
33102
33001
31260
30224
27862
25332
22516
22847
24419
26503
28210
30338
31746
32843
32577
32398
31523
29912
26785
26777
27848
29614
30660
32213
33578
34458
34050
33845
32165
29501
26752
27585
29177
31532
32696
33886
34220
33613
31325
29680
27151
24317
21697
22385
24330
26669
28657
30182
31049
31997
31474
31442
30113
27757
25200
25852
27659
30041
31225
32191
32920
33361
32478
32042
30449
28119
25531
26302
27579
29615
31128
32807
33297
33155
31679
30430
28009
25024
21980
22226
23680
25749
27243
28774
29041
29107
28209
28103
26656
24936
22899
23934
25824
28502
30456
32669
34090
34800
34284
33717
32270
30679
28603
29381
30263
31782
32520
33262
33821
33796
32111
31234
29311
26974
24065
24467
25940
27836
29057
30055
30879
31370
30901
30967
29216
26801
24217
24904
26384
28542
30257
31745
32711
33085
31699
31019
29158
26937
24169
24840
26540
28725
30370
31791
32190
32122
30996
30566
29296
27574
25301
26046
27881
30195
31188
32444
32990
32888
31390
30336
28495
26304
23586
24099
25739
27924
29712
31414
32633
33008
31865
30815
28969
26939
24704
25792
27600
29549
31054
32136
32912
33389
32750
32612
31175
28857
26112
26521
28030
30434
31795
33183
33217
33013
31402
30157
27926
25685
23030
23401
24829
26630
27797
29201
29994
30526
29541
29137
27923
26071
24122
24808
26349
28496
30065
31744
33049
33350
32838
32907
30896
28075
24685
24972
26633
28894
29915
31328
32516
33088
32298
31486
29799
27883
25940
27300
29213
31736
33510
34770
35404
35669
34376
33487
31709
29201
26081
26133
27233
29031
29841
30716
31421
31578
30288
29621
28065
26308
24082
24929
26718
29095
30811
31764
32449
32473
31556
30663
28822
26644
23869
24122
25447
27512
28695
30100
31266
32072
31277
30785
29414
27186
24610
25235
26831
29019
30483
31631
32509
32896
32025
31318
29384
27184
24745
25514
27148
29368
30586
31528
31994
32224
31139
31097
30208
28741
26509
27249
28646
30400
31286
32367
33221
33706
32680
32104
30565
28222
25348
26178
27617
29158
29819
30805
31547
32031
30847
30097
27851
25287
22770
23469
25475
27905
29080
30496
31431
31927
31297
31209
30058
28546
26183
26771
28053
29954
31294
32424
33042
33207
32100
31410
29521
27217
24241
24612
26079
28299
29679
31287
32206
32580
31659
31076
29166
26829
24105
24544
26205
28690
30504
32381
33408
33348
31916
31078
29181
27033
24557
25152
26613
28334
29415
30610
31451
31961
30876
30413
28975
27755
25489
26124
28077
30704
32132
33637
34546
34765
33001
31639
29001
26162
23321
23771
25270
27414
28924
30293
30555
30563
29636
29776
28602
27123
25185
26165
27651
29893
31823
33201
33780
33427
31785
30492
28381
26327
24302
25417
27271
29601
31144
32306
32560
32483
31268
30525
28749
26465
23981
24779
26374
28700
30086
30962
31616
31698
30694
30394
29314
27650
25485
25897
26893
28768
29876
31572
32594
33075
32393
32001
30385
28184
25745
26310
27323
28951
29925
31053
31517
31851
30957
30438
29257
27546
25328
26256
28256
30690
32337
34322
35029
35280
34220
33662
31691
28960
26204
26422
27472
28960
29498
29495
29477
29520
28802
29019
27930
26168
23775
24618
26546
28801
30652
32502
33434
33518
32328
31300
29273
27289
24750
25217
26627
28703
30177
31689
32639
33001
32087
31103
29088
26665
23880
24149
25446
27534
28840
30238
31109
31430
30366
30026
28752
26742
24339
24962
26294
28349
29772
31180
32211
32748
31799
31395
29502
27256
24536
25340
27376
30094
31654
33205
34112
34173
32775
31524
29410
26855
24027
24437
26217
28473
30002
31326
31626
31848
30744
30194
28893
27225
25198
26399
28103
30220
31530
32034
32229
32333
31636
31165
29163
26742
23664
24060
25600
27360
28454
29854
31136
31501
30417
29695
27987
26243
24222
25352
27333
29735
31420
32828
33747
33772
32163
30644
