19
28
37
46
41
38
37
36
36
36
36
41
54
72
92
104
114
118
127
129
133
136
135
146
162
188
225
264
300
321
322
304
293
268
259
258
251
229
207
201
197
204
221
232
251
265
266
256
250
239
232
242
257
272
286
293
299
315
329
340
347
341
359
370
390
394
394
406
410
418
422
434
455
498
532
557
599
624
652
664
692
712
721
744
714
701
693
722
744
734
724
714
693
675
649
629
597
572
537
530
556
599
603
606
596
591
607
631
624
623
635
653
692
719
776
814
858
872
870
860
830
776
760
755
786
825
888
948
977
1002
1025
1011
972
913
900
921
981
1015
1052
1060
1032
1022
1006
977
961
904
888
900
952
1007
1088
1184
1271
1329
1384
1376
1352
1259
1196
1190
1242
1311
1401
1443
1463
1349
1232
1155
1118
1072
986
905
844
839
864
924
1006
1111
1256
1419
1508
1515
1459
1443
1429
1485
1527
1499
1344
1250
1209
1259
1321
1388
1457
1506
1559
1543
1485
1298
1239
1199
1169
1153
1171
1177
1184
1228
1304
1338
1312
1249
1207
1206
1205
1251
1275
1300
1344
1402
1470
1523
1513
1482
1458
1427
1440
1467
1487
1488
1432
1368
1245
1221
1230
1278
1278
1313
1350
1384
1424
1410
1413
1430
1354
1260
1209
1189
1205
1232
1255
1294
1336
1360
1384
1486
1610
1592
1402
1261
1199
1181
1154
1176
1179
1206
1213
1280
1409
1553
1630
1668
1634
1470
1372
1346
1330
1320
1309
1353
1425
1519
1592
1651
1689
1741
1773
1799
1783
1704
1656
1615
1629
1710
1790
1816
1840
1859
1891
1842
1770
1711
1622
1468
1315
1245
1229
1245
1272
1317
1364
1373
1397
1395
1415
1470
1535
1639
1730
1783
1819
1839
1841
1807
1795
1729
1643
1678
1750
1860
1977
2030
2043
2004
1957
1884
1801
1613
1493
1457
1517
1485
1518
1586
1549
1481
1287
1171
1062
980
946
965
1010
1070
1137
1209
1291
1336
1320
1299
1089
891
795
763
783
833
898
985
1066
1161
1230
1319
1426
1508
1541
1554
1537
1515
1352
1279
1261
1269
1307
1384
1472
1553
1614
1640
1710
1801
1879
1965
2075
2203
2260
2280
2143
1918
1664
1477
1386
1382
1465
1612
1764
1897
1992
1983
1734
1520
1378
1324
1347
1415
1540
1654
1727
1748
1699
1521
1385
1289
1223
1203
1238
1328
1390
1433
1461
1506
1524
1530
1296
1082
954
909
940
986
1033
1103
1153
1213
1274
1350
1411
1423
1430
1343
1284
1148
1040
1003
1009
1024
1039
1086
1131
1138
1150
1210
1323
1441
1487
1532
1519
1381
1202
1127
1062
1004
966
981
1034
1077
1130
1220
1286
1385
1484
1587
1585
1458
1178
995
919
926
984
1043
1105
1056
975
840
810
787
776
781
805
860
910
986
1087
1212
1341
1445
1532
1591
1634
1700
1752
1771
1744
1710
1727
1755
1768
1833
1824
1790
1642
1502
1389
1339
1340
1380
1468
1541
1601
1633
1621
1514
1418
1369
1221
1080
1083
1120
1161
1209
1257
1328
1345
1369
1368
1443
1567
1684
1794
1878
1924
1936
1786
1734
1591
1488
1411
1355
1378
1405
1438
1456
1447
1329
1213
1166
1176
1190
1210
1230
1258
1309
1348
1409
1467
1509
1517
1424
1312
1257
1189
1162
1197
1252
1332
1411
1499
1556
1617
1692
1767
1831
1819
1808
1762
1718
1690
1676
1664
1674
1706
1770
1793
1794
1749
1788
1836
1886
1930
1959
2005
2062
2104
2144
2071
1976
1817
1735
1607
1586
1602
1601
1644
1668
1673
1673
1659
1562
1413
1240
1177
1210
1271
1358
1467
1542
1615
1688
1654
1521
1216
1080
1063
1131
1217
1303
1344
1372
1402
1431
1447
1359
1140
963
947
987
1086
1190
1283
1351
1403
1438
1432
1418
1398
1402
1373
1305
1293
1326
1385
1442
1512
1543
1493
1348
1174
1144
1214
1314
1416
1539
1616
1681
1692
1706
1592
1405
1269
1233
1286
1406
1581
1716
1851
1953
1962
1907
1676
1541
1448
1416
1329
1330
1389
1469
1557
1636
1741
1829
1893
1869
1877
1891
1749
1653
1608
1599
1650
1717
1748
1771
1697
1542
1327
1200
1187
1259
1390
1569
1754
1896
1991
2048
1978
1831
1544
1334
1241
1227
1301
1428
1567
1736
1895
1959
1871
1572
1388
1301
1329
1308
1343
1436
1557
1720
1916
2041
2145
2143
2048
1996
1975
1992
2017
2014
1882
1820
1770
1774
1816
1852
1897
1954
1892
1751
1648
1592
1594
1619
1643
1725
1791
1854
1930
1935
1744
1643
1557
1540
1551
1607
1629
1686
1689
1668
1604
1422
1158
925
726
659
659
663
676
706
727
726
715
719
770
843
940
1058
1203
1354
1493
1641
1687
1666
1579
1549
1579
1660
1758
1887
2020
2124
2236
2325
2330
2291
2243
2198
2211
2109
2044
2039
2101
2207
2333
2468
2476
2150
1820
1449
1226
1118
1079
1111
1158
1226
1290
1341
1321
1217
1034
946
901
929
982
1070
1162
1249
1318
1342
1318
1314
1300
1344
1441
1494
1387
1211
1105
1062
1060
1116
1177
1200
1208
1244
1301
1393
1520
1602
1670
1718
1566
1444
1356
1247
1204
1178
1225
1299
1377
1456
1552
1644
1757
1872
1942
1957
1992
1933
1911
1928
1999
2025
2084
2128
2188
2198
2203
2082
1922
1821
1811
1791
1668
1573
1504
1485
1512
1552
1538
1524
1511
1476
1411
1201
1157
1167
1218
1289
1362
1415
1435
1470
1512
1610
1718
1850
1942
2051
2157
2274
2275
2298
2178
2031
1865
1792
1787
1856
1973
2074
2211
2236
2147
1946
1722
1519
1390
1338
1347
1438
1561
1640
1663
1541
1424
1367
1302
1168
1008
900
802
712
610
493
417
337
279
231
212
210
216
223
234
246
254
278
316
359
406
467
534
595
655
719
789
860
933
1002
1085
1172
1263
1384
1467
1548
1619
1568
1282
1072
948
901
877
906
963
1016
1063
1091
1120
1179
1270
1333
1385
1219
1031
878
803
798
818
826
852
932
1025
1126
1220
1308
1375
1481
1563
1597
1614
1575
1522
1502
1486
1474
1481
1534
1607
1663
1710
1744
1728
1663
1565
1510
1500
1550
1578
1623
1707
1766
1799
1783
1478
1266
1126
1076
1093
1150
1230
1319
1396
1453
1561
1664
1601
1434
1152
990
904
898
932
994
1082
1197
1320
1452
1553
1640
1733
1839
1926
1778
1615
1532
1519
1573
1592
1621
1595
1516
1462
1459
1548
1659
1770
1867
1960
2019
2065
2018
1874
1706
1546
1383
1275
1282
1330
1410
1523
1552
1560
1489
1431
1379
1316
1274
1205
1107
1009
1026
1110
1197
1284
1369
1419
1420
1420
1427
1479
1574
1690
1805
1797
1701
1700
1700
1683
1595
1540
1552
1588
1638
1645
1680
1539
1484
1472
1522
1565
1571
1612
1667
1664
1528
1408
1355
1364
1411
1475
1570
1655
1720
1791
1923
2031
2029
1904
1814
1762
1801
1903
2046
2136
2213
2197
2222
2217
2218
2207
2232
2281
2260
2200
2166
2038
1948
1894
1955
2102
2248
2445
2537
2630
2689
2764
2791
2683
2528
2228
2029
1960
2031
2108
2152
2015
1934
1951
2037
2102
2097
2077
1970
1860
1739
1674
1727
1833
1979
2149
2321
2420
2465
2483
2467
2485
2352
2297
2371
2511
2698
2762
2679
2425
2253
2114
2068
2085
2119
2101
2125
2142
2171
2291
2459
2491
2431
2249
2163
2191
2295
2287
2250
2226
2229
2264
2341
2344
2266
2146
2005
1988
1961
2025
2037
1962
1876
1856
1871
1909
1919
1966
2108
2232
2112
2042
1988
1939
1892
1813
1748
1682
1625
1587
1669
1784
1815
1796
1761
1755
1806
1883
1987
2026
2051
1995
1905
1862
1907
1958
2011
2060
2025
1964
1906
1850
1838
1835
1874
2002
2209
2422
2417
2376
2227
2163
2116
2052
1974
1896
1937
2037
2135
2308
2460
2526
2541
2492
2503
2409
2199
2005
1813
1729
1746
1791
1883
1946
1978
1866
1806
1733
1690
1636
1637
1650
1659
1710
1779
1833
1885
1915
1977
2022
1973
1777
1604
1529
1544
1611
1699
1799
1860
1882
1766
1712
1687
1673
1685
1726
1779
1812
1844
1934
1954
1925
1806
1719
1706
1690
1738
1814
1941
1975
1890
1745
1691
1667
1695
1764
1821
1863
1863
1842
1795
1600
1505
1498
1537
1595
1676
1728
1741
1767
1787
1820
1749
1714
1706
1708
1753
1809
1880
1803
1596
1550
1607
1745
1882
2032
2061
2058
1994
1906
1836
1813
1810
1868
1976
2116
2269
2401
2429
2215
2094
2019
2045
2081
1980
1951
1957
2012
2116
2172
2229
2216
2158
2082
2036
2018
2054
2090
2111
2011
1852
1791
1778
1818
1854
1917
1949
1947
1887
1882
1938
2053
2196
2377
2470
2571
2415
2194
2003
1805
1734
1699
1765
1936
2127
2256
2228
2089
2036
2030
2064
2058
1937
1711
1652
1713
1806
1869
1962
2074
2165
2236
2237
2038
1851
1730
1731
1830
1949
2118
2205
2195
2215
2206
2129
2049
1993
1981
2045
2115
2156
2133
2192
2227
2283
2339
2395
2384
2403
2363
2301
2318
2339
2443
2477
2315
2221
2155
2196
2203
2152
2082
2037
1984
1973
1983
2044
2127
2192
2241
2172
2125
2071
2036
2126
2078
1959
1872
1809
1805
1859
1918
1971
1979
1906
1706
1509
1440
1457
1511
1563
1666
1790
1927
2080
2177
2060
1794
1601
1516
1522
1600
1695
1838
1977
2076
2117
2045
1866
1784
1742
1757
1812
1885
1994
2120
2292
2386
2423
2206
1908
1695
1582
1602
1663
1812
1991
2161
2243
2086
1956
1816
1698
1594
1574
1637
1771
1917
2016
2055
2009
1916
1906
1846
1823
1764
1751
1793
1869
1913
1968
1946
1942
1954
1944
1766
1498
1318
1209
1217
1281
1347
1404
1471
1532
1545
1586
1528
1387
1132
1025
1000
1032
1064
1121
1189
1263
1295
1318
1306
1287
1293
1301
1381
1473
1562
1684
1792
1864
1904
1948
1855
1752
1658
1635
1677
1752
1808
1870
1937
1969
1996
2036
1987
1858
1684
1524
1421
1413
1405
1390
1413
1440
1464
1483
1485
1429
1367
1334
1300
1172
1101
1095
1119
1182
1236
1321
1365
1393
1399
1441
1508
1616
1711
1713
1604
1545
1540
1553
1556
1519
1456
1447
1472
1558
1651
1690
1638
1535
1510
1536
1538
1496
1417
1434
1472
1535
1606
1711
1746
1682
1647
1647
1648
1620
1550
1512
1542
1603
1651
1645
1630
1499
1437
1444
1466
1455
1448
1471
1520
1544
1584
1643
1695
1694
1532
1494
1455
1459
1453
1489
1582
1672
1777
1844
1885
1906
1791
1741
1712
1652
1623
1620
1659
1693
1736
1744
1743
1770
1802
1858
1907
1912
1876
1835
1857
1927
2001
2050
2058
2076
2086
2102
2029
1894
1790
1722
1643
1604
1588
1568
1609
1636
1641
1647
1630
1581
1477
1409
1262
1203
1193
1224
1272
1335
1392
1438
1442
1410
1371
1384
1463
1543
1636
1730
1830
1904
1961
2002
1982
1893
1810
1759
1765
1809
1804
1803
1802
1793
1760
1714
1672
1566
1447
1403
1411
1456
1506
1546
1595
1626
1639
1675
1581
1419
1119
979
935
963
999
1044
1106
1142
1152
1162
1163
1146
1111
1133
1202
1245
1262
1185
1043
888
722
568
422
359
336
339
362
386
415
443
467
504
546
604
674
737
780
829
890
953
1014
1058
1109
1189
1266
1355
1373
1240
1014
845
790
802
857
911
953
1014
1040
1095
1126
1120
1154
1189
1268
1353
1432
1477
1420
1237
1161
1132
1105
1075
1073
1090
1141
1218
1267
1307
1336
1353
1361
1384
1327
1113
883
760
732
775
820
866
916
961
995
1018
1039
1069
1070
1123
1218
1281
1352
1428
1530
1604
1643
1681
1676
1608
1511
1503
1558
1585
1415
1330
1293
1255
1253
1252
1259
1249
1242
1272
1331
1415
1490
1535
1561
1430
1345
1303
1280
1251
1212
1199
1268
1353
1415
1508
1585
1681
1750
1715
1498
1415
1328
1313
1343
1418
1491
1582
1673
1797
1914
2034
2072
2096
2025
1992
1990
1995
1997
2010
2052
2106
2175
2237
2148
1927
1693
1544
1518
1560
1638
1719
1804
1858
1823
1762
1550
1425
1344
1274
1286
1322
1406
1546
1655
1792
1921
2017
1949
1731
1574
1478
1504
1577
1723
1865
1944
1799
1779
1776
1799
1799
1790
1816
1906
2005
2049
1903
1868
1859
1914
2013
2085
2013
1896
1802
1686
1634
1629
1663
1699
1768
1860
1965
2021
1974
1853
1671
1636
1633
1663
1714
1754
1788
1820
1856
1876
1837
1820
1841
1861
1902
1985
2053
2115
2139
2146
2081
1890
1726
1568
1515
1560
1590
1657
1686
1670
1499
1409
1365
1349
1325
1299
1307
1373
1464
1558
1621
1681
1673
1557
1471
1421
1383
1342
1355
1388
1444
1505
1537
1557
1575
1631
1684
1725
1645
1511
1357
1291
1268
1321
1381
1457
1563
1633
1651
1630
1536
1452
1374
1216
1201
1239
1303
1359
1421
1487
1515
1494
1441
1375
1373
1435
1455
1369
1214
1170
1173
1187
1224
1238
1228
1218
1208
1268
1371
1508
1671
1817
1864
1696
1625
1528
1458
1375
1349
1421
1512
1608
1686
1755
1777
1699
1629
1580
1545
1470
1482
1515
1591
1647
1701
1753
1695
1463
1367
1345
1319
1335
1354
1414
1464
1534
1607
1681
1746
1743
1667
1497
1400
1309
1282
1338
1404
1474
1523
1577
1625
1673
1660
1567
1350
1254
1236
1291
1366
1439
1463
1531
1572
1564
1441
1319
1276
1253
1270
1335
1416
1516
1583
1657
1715
1810
1841
1773
1588
1503
1499
1546
1592
1661
1707
1778
1819
1869
1856
1598
1454
1356
1338
1400
1446
1505
1559
1586
1628
1610
1589
1367
1306
1240
1237
1303
1359
1469
1566
1620
1693
1727
1757
1756
1720
1725
1744
1604
1562
1590
1632
1665
1716
1741
1768
1744
1689
1560
1432
1404
1440
1504
1622
1719
1810
1872
1859
1778
1639
1529
1497
1529
1624
1746
1849
1916
1986
2050
2054
1985
1864
1771
1745
1785
1864
1972
2015
2002
1814
1706
1655
1556
1404
1289
1205
1189
1229
1254
1294
1335
1404
1471
1548
1584
1561
1485
1480
1534
1590
1593
1480
1350
1327
1322
1341
1338
1296
1237
1206
1224
1253
1337
1422
1505
1558
1475
1365
