15
20
25
30
35
40
45
50
55
60
65
75
89
107
127
151
178
207
237
272
309
350
396
446
509
586
676
783
902
1043
1208
1395
1601
1835
2099
2404
2759
3161
3621
4148
4764
5337
5998
6747
7598
8580
9673
10920
12356
13990
15864
18003
18631
17833
16818
15494
13938
12634
11777
11089
10722
10416
9900
10213
10652
11165
10922
10715
10909
11355
12072
12968
13565
13477
13380
13869
14550
15585
16469
17544
18644
19536
20710
21878
21215
19942
17772
17825
18816
20166
20176
19683
19361
19487
19802
20370
20314
20136
19620
20791
21978
22606
22978
22903
23007
22805
22307
22177
21135
20332
19700
21146
23314
24969
25128
25164
26127
26030
25718
25762
25095
24179
23249
24432
26254
28098
28900
29371
30022
30769
30346
30267
29494
28667
28127
29628
30594
31271
31528
31892
31741
31677
31128
30810
29818
27892
26223
26465
27454
29240
31479
33977
35346
35058
34800
34585
33347
32040
30283
31333
33081
35234
36652
37221
37282
37668
37600
38236
38041
36906
34702
34580
35177
36423
37775
39415
41251
42003
41911
41687
39900
36710
33542
33134
34229
36067
37651
39085
40460
41279
41900
42854
41059
39144
36631
36486
37240
38839
40329
42581
44822
46312
46515
46813
45984
45396
43987
44628
45170
46679
47561
48269
49256
49889
50171
49266
47418
46005
44637
45229
45387
46275
46774
47060
47195
47821
47826
48966
49349
50361
49158
49393
50298
52049
52339
52705
52788
53353
53877
54487
54292
53880
52269
52407
54179
55925
55930
55888
55794
55604
55380
55267
53956
52718
50894
51366
52618
54581
56287
57681
58943
59846
60021
60671
59710
58451
54807
54201
54683
56801
59430
62074
63614
65231
65571
65703
63007
60226
56550
56415
58037
61200
64179
67426
70203
70153
68971
68250
66259
64544
61346
61905
63097
64912
66041
67646
68921
68750
67606
67821
66455
64564
62021
63453
65859
69030
70557
70919
70947
70663
70022
70193
68030
65074
62079
63229
65745
68371
71017
74213
76592
77246
76534
75355
72290
69433
65510
65247
66507
69396
71555
73292
70194
67869
66698
66745
65339
63773
61565
63569
65972
68733
70364
71489
71839
71480
70959
70916
68702
66008
62510
64703
66883
69157
70084
70551
71278
71230
70366
70181
68394
66784
62723
62027
63331
66159
68959
71850
74308
75374
75356
76119
74196
71199
66476
66624
68089
70149
71691
73375
74258
74605
75340
76829
75480
70014
63023
62393
63923
66633
69172
71745
71321
69333
67082
66354
63699
60461
57261
59339
62310
65096
66841
69155
71084
71600
71359
70618
67631
64181
59778
60250
61640
64834
67536
70573
73053
74367
74128
73560
69728
65699
61915
63024
66221
69794
71963
74689
76528
76262
75839
76023
73088
69916
65097
66195
68819
71971
73584
75207
76030
75988
75718
76598
73492
68851
62389
62719
65606
69720
73540
77051
78745
78210
76819
76195
72655
68515
64334
65407
68247
72383
75126
77799
78324
77975
76656
76736
74232
70833
65732
65974
68186
71166
73366
76134
77533
77447
77118
76869
73208
69577
65780
68075
71578
76176
80200
84145
86302
85804
83543
82345
78769
76451
73105
74352
76836
80551
82646
84650
85905
85952
85135
81473
75672
70547
65360
65470
67875
71574
75230
79308
81326
81504
80257
80539
77719
74128
69319
70579
74036
78112
81561
84017
84507
82452
79823
77848
73338
69214
64319
65708
69666
74197
76696
78083
78034
76461
73713
71161
66506
62705
59419
61207
65392
70636
74931
77833
78925
79317
79263
80280
78276
75210
70258
71527
75642
80565
85452
88869
89946
89119
87421
87003
82225
76879
71731
73191
76261
79811
82622
85852
87153
87133
86288
85191
81719
77562
72495
73421
75831
79053
81316
83774
85941
86724
85118
84034
80198
77047
73127
74826
77397
80947
83713
87323
89211
89511
87943
87260
84121
80278
76295
77877
80939
84544
87058
89491
89913
88963
87563
86725
82922
78975
74488
76582
79913
84686
87537
89904
90661
89475
86532
84481
80236
76667
72709
75975
81292
86231
89361
92371
93284
92712
90540
89337
85762
81789
76818
78140
82253
88053
93028
97282
98876
97721
94688
93402
89360
85243
79161
80135
82954
87760
90298
92420
94308
92930
90498
88512
84363
80498
76423
78235
82231
87456
91463
94378
94923
93785
91173
90537
87750
84414
79624
80962
83963
88921
92322
94652
95107
95589
95073
94464
89910
85555
80996
82333
85597
88931
91290
93144
94807
96315
96545
97299
94031
89398
83785
84565
88600
93102
96085
98594
99250
99567
98768
98472
95326
91331
86718
87573
90523
94704
97131
90776
86232
83715
82895
81850
77685
72667
66671
68122
71765
76021
78237
79999
81327
81576
80439
79242
74137
69753
65427
66878
69781
74077
77340
80983
83137
84358
83590
82770
78734
74339
68582
69772
72967
77647
81000
83471
84525
84793
83215
82062
77337
72722
67607
69436
72613
75983
78345
81363
84188
84035
83236
82691
78491
73273
67317
67027
70308
75178
77706
79657
80496
79933
78371
78185
75592
73228
70341
73256
77445
82930
86509
89824
88920
87238
84877
83766
78649
73448
67876
67877
70206
74338
77459
79626
81168
79956
78187
77040
73870
71362
67476
69486
72994
76967
79054
81082
81596
81226
79949
79550
77221
75375
73047
75590
79628
85015
88939
92758
93862
93084
91774
90788
86796
80376
73519
73913
76298
80015
81498
83324
83642
83766
83387
84998
82680
79311
74174
75162
78227
82849
85696
88661
90212
90881
91002
90415
84639
79162
72647
73257
75911
79680
81952
84253
85935
86295
78697
71709
63636
56765
50164
50923
53858
58143
61230
65115
67260
67583
65870
65176
61097
56226
50246
51306
54095
58482
61568
64463
65873
65040
63557
63233
59716
55671
50242
51512
55121
59346
61607
64390
66324
66822
66601
65786
61379
56456
50194
50545
52830
56774
59740
61571
62173
62519
61629
61065
56684
51502
45731
46879
51022
56003
59895
63699
66429
67516
68032
68936
65962
62569
56803
56802
59341
63964
67446
71116
73265
73371
71930
69837
64169
58897
51490
51846
55181
60193
62941
64798
64735
62235
59731
59048
55104
50706
44569
45243
48057
52000
55168
59276
62264
62807
61818
61508
58760
56577
53094
55705
58578
62849
65938
68680
70136
69472
67436
65528
60840
55982
50089
51857
55771
60727
64512
67379
68541
67611
64849
62763
57858
52996
47206
47681
50254
54677
57955
61039
62825
63241
61921
61420
58208
55075
50572
52585
56590
61434
65447
69146
71135
72114
71863
72480
68928
63494
56501
56764
59593
63751
65636
68288
68474
66617
63284
61715
56190
50747
44698
45881
49365
53133
55925
58224
60252
60617
60085
60221
57044
54284
50045
51758
55099
59752
63033
66193
67899
68757
68774
67522
63658
58122
51761
52713
56019
60665
63514
66569
67830
67049
65155
63378
58824
53859
48890
50418
53876
58642
61691
64484
65458
65732
64800
65206
62619
59478
54509
55767
57907
61624
63528
65238
65281
64317
62279
61533
57565
53915
49357
50195
53038
57127
59986
62490
64444
64709
63805
63328
59499
55545
50025
50638
53345
56926
58727
60822
63162
65178
66559
67301
64706
59798
54788
56693
60519
65441
69021
71633
72548
72072
69634
67781
61929
55571
48757
49135
52588
57772
61546
65014
66169
66008
64559
63092
57705
52655
47072
48227
51188
55197
57903
60497
61905
63261
62529
61611
57010
52772
48442
50246
54168
59237
62725
66290
68043
67972
65864
64647
60022
55172
49721
51489
55764
61475
65126
67657
69321
69028
67728
67235
62426
58009
52037
53494
56639
60868
62935
64179
63555
62355
60285
60022
56019
52210
48057
50016
53431
58160
62054
65686
67825
69626
68893
67388
61476
55876
49493
50445
53411
57232
60034
62928
64560
64331
63346
62352
58116
53564
48493
49738
53554
58282
61905
65765
67059
66950
65422
64068
59805
55548
50636
52184
55790
60805
64310
66634
67916
68060
66942
65723
60685
55926
50580
51843
54700
58359
60468
62834
64657
64747
63058
62266
58504
54886
49885
51874
56295
62241
66720
68911
69360
67276
64542
62179
56877
52572
47692
49534
53588
58792
62002
65331
67103
67859
67764
67526
62883
57764
52131
53163
56095
60772
63886
65931
67866
68005
66377
64874
59982
54258
47824
49031
53011
57773
60534
63465
64818
64439
63268
63133
59990
57174
52422
52612
55234
59149
61947
64373
66260
66141
65319
65077
61002
56123
49578
50062
52838
56844
59743
62859
64774
64407
62562
61456
57470
52912
47915
48823
52039
56557
60313
64206
67519
69462
69769
70433
67602
63963
57816
59334
62325
66382
68657
70738
70822
68698
65597
63930
58231
52785
47169
48098
51870
57168
60942
63853
63747
62970
61056
59596
55235
50036
44609
45597
48816
53248
56982
60075
62344
63524
63763
64210
60966
57057
52491
55317
59627
64476
67763
71261
73223
73183
71276
69553
64918
59466
52742
52898
55793
59970
62590
66019
67529
67191
64750
63029
57560
51877
45351
45976
49278
54252
58403
62373
64551
64292
63368
62965
59003
54941
49793
51135
54898
60333
64802
68206
69517
69053
67062
65318
60148
55461
49750
51109
54892
60071
62893
65504
65418
64256
62305
61286
57229
53013
48527
50289
54057
58742
61991
65021
66591
66141
65026
65208
62090
58695
53375
54977
58205
61830
64309
66217
66854
65826
64563
64388
59962
55409
49741
51177
54791
59503
62684
65490
66920
65551
63547
61519
57252
52412
47150
48915
53235
58837
63549
67344
69085
68473
66070
64435
60100
55941
51005
52656
55582
59155
61528
63866
64710
64080
62657
62414
58958
55790
50791
52204
56037
61241
64499
66277
65935
64872
62844
61136
56577
52541
47963
49802
53969
59420
63336
67512
70477
70193
67875
65719
60967
56208
49797
50075
52784
57211
60823
63174
64403
63915
63381
64099
60501
55876
50205
52206
56407
62164
66397
70142
71872
71673
69532
67080
62219
56057
48888
49720
53606
57573
59913
62219
62732
62816
62663
63306
59923
55924
49908
50278
52845
56693
60067
63637
66115
66909
67077
67524
63373
57442
51280
52447
56046
60459
63361
66309
67992
67917
66805
67452
63250
58192
51666
52297
55864
60828
64387
67013
67154
65267
63405
61898
57284
52461
46936
47912
51240
55771
58969
61288
63202
63260
62236
62430
58687
54416
48540
48975
52488
57220
59469
61381
62572
62162
61293
61478
59342
57526
54790
58303
62898
68783
72866
76391
77906
76304
73029
69243
61517
53924
46164
46318
49453
54036
57312
60831
63090
64362
64058
64515
61764
58084
52621
54266
57999
62329
65602
68864
70916
70983
69402
67815
62476
56653
49634
50295
53288
57617
60843
63671
65237
65462
63390
61277
56200
51450
47084
49154
53379
59220
63135
66193
66407
65246
62783
61738
57247
52666
47223
48770
51733
56221
60014
63378
65544
65718
65282
65398
62689
58913
54190
56318
60302
65636
69494
71750
71943
70997
68900
67904
63387
57564
50321
50255
52599
56352
58825
61211
62266
61656
59715
58648
53417
48735
43822
45177
49036
54242
58097
61496
64459
65048
64449
64926
62087
57781
52693
54915
59258
63861
66749
69400
71098
71351
70943
70923
67553
62893
56174
57076
60648
65019
66961
68653
68417
66034
63194
62302
57554
52913
47541
48132
51173
56017
59332
62014
63367
63210
62598
62449
58371
53424
47488
47989
50872
55169
58491
61062
62954
64341
65049
66340
63780
60380
54665
56448
60788
65653
68560
71273
72622
71357
68534
66266
60885
55316
49711
50184
52811
56698
58904
60951
62052
60663
58080
56917
53338
50043
46118
47692
51733
56993
61116
64937
65975
66290
65264
66091
62533
58462
52969
54879
59391
65089
68661
71260
71267
69625
66690
64939
59352
53597
47545
48311
50878
54042
55724
57722
59198
60057
61115
62937
60626
57540
52885
55163
59548
64490
67285
69194
69985
69000
67195
66218
61370
56479
50812
51332
53899
58357
61221
63686
63398
62503
61454
61803
59191
56340
52425
54348
57856
61584
62060
62249
60977
59448
58324
58818
56587
54579
51793
54456
58205
63417
66706
68682
68702
67193
64977
64488
59670
54954
48992
50387
53803
57409
59463
60114
59901
58544
57075
56945
53566
49812
45861
47892
51805
57451
61919
66259
68014
68514
68396
69056
65473
60924
53968
54987
58172
63496
67683
70735
71199
69396
66628
65272
61020
56457
50551
51366
54374
58716
60910
63394
63945
63945
62799
62205
58313
54179
49164
50855
54517
59691
63538
66366
67649
68033
67072
66567
62238
58045
52001
52893
55205
57964
59475
61684
63537
63925
62620
61397
57533
54080
49139
50678
54480
59479
62208
65056
66574
65652
63948
63529
59326
54835
49070
50272
53023
56737
59844
63165
65053
64985
64070
64223
61643
58717
54892
56736
59570
63369
66129
68540
68878
68071
66389
66128
61483
56511
50205
50991
53644
57892
61024
63726
64971
65882
64681
63450
58664
54213
48847
50186
53488
57951
60077
62119
64034
63693
61727
60478
56745
53480
49251
50373
53252
57490
60746
63940
66074
66342
65057
64210
60592
56873
51442
52797
55405
59884
62685
64908
66434
66866
66130
65754
61113
56172
51103
53397
56966
61954
65428
68734
70106
70006
69297
68725
64768
60406
54107
55205
57502
60915
62470
64306
64487
63510
61410
60133
55725
51478
46076
46180
48691
52873
56227
60464
63392
64588
63875
62736
58582
54856
50189
51729
55251
59753
62148
64697
66639
67626
67364
67891
65417
61182
55517
57312
61376
66799
70439
73304
73561
73032
70167
66741
59123
51693
44286
43953
46768
51079
54592
57167
59035
59158
58096
58066
55371
52972
49141
51255
55382
59781
62913
65893
68061
67517
65205
64104
59925
54714
48186
49135
52448
57088
61545
66102
68467
68789
67821
67735
63859
59861
53906
55205
58532
62925
65264
66610
66640
66217
65238
65376
61795
57318
51202
52093
55510
60310
63840
66843
67891
66788
64359
62446
57519
52697
47810
49487
53141
57956
61701
64776
65166
64515
64061
65047
61917
58284
51947
52510
55012
58658
59840
60915
61440
60768
59031
58242
54149
50283
45874
47896
52288
57622
61702
65216
67222
66786
65411
64644
59534
53746
47436
48003
51370
56331
60560
65182
68831
69058
67722
66370
62959
58920
54723
57495
61857
66876
69805
72372
72146
70585
67157
64673
59209
53838
48078
48991
51735
55804
57459
59423
59875
59167
57541
56648
52446
49007
45387
47682
51529
56776
61473
65461
68355
69684
68957
69449
65964
61481
56280
57671
61362
66175
68811
70699
71074
69677
67034
65032
59205
54110
48269
48960
51617
54957
58146
60377
62851
63492
62393
61248
57938
54656
50798
52082
55001
58986
61777
65126
66643
65885
64022
63273
59644
55594
51367
53768
58220
62992
65426
67171
67369
66368
63772
61535
56428
51354
45170
45632
48707
52986
56906
60452
61703
62134
62016
62679
60545
57880
53365
55363
59199
62706
64763
67177
68435
68430
67508
67259
63022
57673
51907
53439
57702
63010
65974
69311
70493
70141
67076
65139
60600
56125
50605
51137
54096
58756
62204
64655
65556
65917
64363
63639
60154
56134
50712
52117
55442
59247
60858
62181
62736
61105
57992
56166
51720
48078
44626
47582
52425
56685
60140
63708
65974
67418
67817
68506
66061
62726
57512
59375
62650
67436
69135
69231
68544
67633
66418
65200
60962
56728
51005
51513
54678
59578
63292
66722
67910
67512
65533
63880
58296
52582
46454
46477
48827
52134
54550
57479
59696
60787
61104
62718
61114
59207
54684
56799
60487
65729
68647
71351
71636
70761
68781
67656
62824
57487
50077
50114
53292
58056
61198
64076
65621
65745
64173
63264
