16
22
28
34
39
44
49
54
59
64
69
78
91
108
128
151
164
192
220
251
284
317
337
368
401
417
417
460
509
564
602
675
727
789
827
809
728
641
577
577
520
474
485
516
540
567
589
632
652
700
731
800
888
989
1093
1169
1173
1055
963
928
890
818
747
736
788
860
943
1023
1121
1184
1260
1360
1384
1374
1331
1262
1245
1284
1339
1430
1524
1544
1486
1429
1338
1273
1230
1277
1351
1471
1599
1751
1901
2014
2102
2132
1985
1801
1623
1584
1586
1628
1703
1836
1998
2079
2074
2040
2003
1894
1722
1673
1680
1708
1716
1769
1829
1931
2070
2268
2392
2414
2313
2246
2128
2117
2152
2274
2447
2676
2811
2845
2646
2390
2083
2014
2027
2136
2323
2581
2810
2893
2842
2786
2674
2488
2344
2428
2593
2847
2928
2937
2993
3058
3073
3110
2982
2894
2764
2741
2828
2826
2843
2916
3067
3241
3286
3109
2891
2736
2614
2729
2995
3254
3474
3614
3740
3938
3932
4034
3790
3536
3313
2936
2699
2644
2642
2681
2642
2713
2854
2923
2742
2564
2384
2414
2601
2817
2989
3099
3243
3454
3661
3824
3705
3332
3015
2968
3094
3313
3456
3625
3686
3792
3796
3838
3623
3398
3189
3238
3413
3631
3594
3597
3492
3446
3467
3595
3591
3505
3364
3329
3385
3387
3371
3440
3506
3634
3854
4102
3907
3569
3312
3106
3137
3247
3300
3432
3555
3727
3855
3973
3837
3698
3487
3524
3717
4008
4304
4523
4655
4627
4456
4296
4104
3842
3528
3488
3485
3471
3589
3691
3836
4029
4222
4540
4707
4644
4226
4068
3902
3889
3980
4109
4244
4275
4319
4391
4378
4333
4259
4491
4820
4999
4757
4587
4567
4530
4568
4642
4631
4488
4434
4642
4981
4999
4935
4861
4698
4663
4718
4953
4999
4981
4977
4999
4999
4994
4999
4999
4999
4999
5029
5119
5083
4999
4645
4556
4656
4913
4999
5051
5087
5173
5225
5353
4972
4677
4401
4514
4825
4999
5061
5065
5084
4999
4999
5062
4957
4766
4367
4406
4505
4684
4765
4994
5151
5384
5530
5838
5892
5761
5413
4999
4842
4738
4874
4964
4999
4999
4999
5010
5007
4993
4999
5189
5535
5920
6130
5873
5693
5607
5640
5746
5676
5161
4885
4972
5213
5691
6212
6402
5895
5427
4999
4828
4641
4469
4317
4488
4729
4906
4999
4999
4999
5037
4999
4989
4780
4564
4368
4483
4834
4999
5137
5357
5530
5641
5343
5216
4946
4784
4521
4581
4707
4862
4999
5044
5202
5529
5958
6409
6520
6142
5227
4895
4869
4942
4999
4999
5046
5251
5548
5855
6029
6042
5691
5209
4967
4866
4922
5001
5204
5487
5825
5959
5868
5313
4824
4664
4810
4999
5082
5027
5172
5419
5700
6007
5873
5602
4999
4793
4932
5102
5444
5362
5442
5539
5646
5772
5679
5468
5088
4987
4988
5036
5140
5277
5487
5549
5567
5666
5407
5049
4692
4776
4979
5144
5209
5192
5250
5347
5430
5673
5696
5536
5204
5208
5322
5242
5293
5235
5262
5219
5263
5307
5344
5208
5137
5080
5255
5316
5418
5604
5714
5919
6065
6334
6475
6375
6239
6512
6447
6422
6191
6052
6040
6006
6043
6127
6010
5807
5359
5136
5272
5388
5525
5602
5651
5675
5736
5768
5802
5657
5423
5514
5764
6111
6483
6583
6716
6479
6330
6327
6201
5936
5674
5774
6088
6438
6335
6079
6038
6134
6180
6246
6056
5723
5378
5503
5754
6091
6231
6561
6906
6837
6710
6505
6119
5627
5180
5137
5467
6075
6747
7443
8001
7876
7646
7311
6829
6325
5822
5623
5617
5632
5661
5819
5973
6228
6411
6647
6555
6368
6163
6305
6496
6658
6724
6967
6841
6767
6843
6983
6754
6284
5819
5840
6132
6477
6672
6843
7142
7492
7850
7777
7712
6929
5906
5400
5253
5336
5337
5442
5574
5923
6282
6778
6829
6714
5976
5627
5477
5487
5431
5500
5521
5751
6082
6393
6530
6294
5610
5377
5344
5495
5701
6077
6190
6308
6316
6410
6267
5998
5497
5483
5632
5867
5905
5895
6032
6239
6587
7050
7272
7068
5652
4958
4630
4728
4959
5093
5271
5456
5469
5634
5341
5056
4711
4576
4623
4838
4999
5108
5166
5164
5190
5152
4999
4680
4304
4253
4351
4652
4899
4999
5121
5240
5407
5625
5613
5337
4980
4942
4999
5075
5089
5021
4999
4999
4999
4999
4999
4742
4528
4642
4999
5203
5278
5393
5395
5432
5354
5366
5072
4914
4483
4593
4776
4999
5049
5051
5134
5187
5263
5410
5110
4790
4459
4510
4858
5152
5217
5176
5079
5166
5232
5331
5188
4999
4702
4900
4999
5233
5488
5631
5817
5734
5664
5450
4999
4610
4128
4068
4306
4703
4999
5301
5348
5284
5217
5285
5033
4748
4367
4409
4658
4999
5048
5105
5114
5164
5211
5305
5226
4999
4825
4999
5186
5220
5309
5202
5177
5224
5296
5310
5086
4806
4550
4616
4993
5336
5645
5952
6318
6306
6232
6231
5920
5290
4800
4816
4999
5340
5686
5956
5881
5938
5984
5831
5414
4999
4464
4460
4666
4999
5224
5482
5581
5687
5454
5442
5105
4811
4321
4369
4497
4805
4999
5102
5250
5431
5643
5853
5718
5305
4945
4826
4817
4968
5095
5216
5465
5549
5750
5913
5690
5136
4635
4571
4866
5083
5337
5593
5803
5942
6015
6110
5787
5317
4866
4730
4917
5116
5451
5722
6167
6184
6249
6283
5910
5437
4996
4992
4999
5162
5328
5465
5601
5678
5795
5673
5340
4990
4616
4626
4826
4999
5113
5051
5101
5268
5366
5599
5498
5106
4636
4525
4681
4999
5181
5383
5646
5970
6149
6277
5905
5387
4935
4857
4999
5148
5401
5540
5868
6090
6360
6283
6008
5467
4965
4999
5214
5579
5832
5955
6164
6193
6179
6312
6074
5757
5284
5102
5161
5339
5367
5571
5595
5822
5966
6050
5781
5220
4735
4628
4769
4973
5160
5390
5568
5824
6117
6378
6361
6022
5420
5072
4999
5026
5158
5268
5506
5646
5895
5836
5661
5135
4627
4665
4986
5264
5470
5692
5795
6001
6188
6367
6270
5838
5310
5115
5207
5317
5538
5554
5638
5614
5718
5907
5964
5673
5403
5371
5378
5631
5938
6206
6310
6187
6108
6002
5784
5304
4993
4999
5056
5222
5448
5685
5951
6127
6328
6555
6567
6149
5429
5148
4999
5032
5102
5257
5380
5550
5681
6017
5971
5863
5572
5493
5670
6038
6070
6069
5919
5804
5756
5843
5692
5442
5036
5251
5689
6239
6763
7263
7188
6869
6645
6535
6158
5621
5141
5157
5392
5703
6073
6312
6418
6370
6348
6250
5855
5276
4764
4764
4999
5311
5653
6075
6387
6405
6302
6299
5956
5437
4939
4929
4999
5182
5356
5575
5894
6203
6646
7012
7014
6555
5852
5563
5509
5610
5541
5594
5563
5727
5895
6127
6124
5860
5403
5356
5515
5819
6040
6352
6517
6710
6616
6545
6291
5842
5416
5374
5448
5622
5689
5767
5928
6151
6321
6546
6433
6097
5700
5854
6088
6389
6252
6410
6354
6322
6233
6162
5768
5309
4896
4999
5311
5787
6228
6621
6765
6656
6432
6237
5912
5470
5025
4999
5145
5467
5670
5990
5872
5914
6037
6181
6088
5748
5324
5084
5081
5158
5447
5652
5951
6117
6325
6533
6448
6121
5678
5516
5474
5631
5951
6369
6859
7319
7505
7480
7010
6236
5486
5248
5259
5423
5612
5789
5885
5871
5850
5947
5884
5673
5403
5441
5528
5567
5776
5872
6013
6081
6208
6268
5994
5640
5122
5169
5527
6028
6389
6737
6622
6671
6501
6377
6103
5630
5258
5270
5413
5681
5842
6083
6099
6280
6421
6691
6513
6080
5622
5525
5618
5898
6127
6494
6829
7235
7558
7949
7664
7183
6424
6123
6051
6066
6214
6218
6362
6459
6605
6572
6339
5954
5377
5146
5134
5347
5332
5425
5436
5544
5625
5882
5965
5808
5517
5713
5974
6187
6329
6291
6356
6504
6560
6727
6675
6424
6028
6273
6812
7535
7415
7460
7210
7209
7133
7223
6966
6347
5722
5722
5856
6095
6127
6367
6492
6687
6610
6574
6128
5424
4951
4968
4999
5178
5281
5589
5855
6190
6376
6633
6411
6216
5710
5757
5787
5967
6153
6407
6722
7090
7581
7744
7487
7045
6232
5971
6076
6258
6510
6562
6738
6803
7035
7002
6773
6268
5586
5431
5571
5607
5708
5883
6099
6365
6691
6987
7173
7058
6898
7096
7080
6945
6708
6685
6856
7050
7071
7158
7022
6620
6197
6238
6237
6159
6195
6362
6457
6596
6801
7000
6918
6752
6405
6211
6206
6255
6359
6447
6677
6853
7049
7221
7031
6791
6115
5831
5882
6088
6333
6533
6784
7023
7275
7491
7368
6907
6194
5838
5661
5647
5846
6044
6290
6426
6628
6877
6623
6305
5610
5487
5501
5687
5826
6079
6202
6500
6604
6657
6377
5956
5449
5426
5670
6052
6484
6770
7148
7347
7478
7604
7343
7067
6600
6501
6512
6616
6598
6632
6875
7120
7351
7561
7368
7186
6785
6778
6765
6736
6785
7001
7174
7312
7544
7807
7756
7444
6852
6688
6647
6741
6840
7105
7308
7475
7435
7348
6956
6533
5848
5756
5944
6225
6573
6522
6800
7070
7332
7628
7261
6538
5759
5614
5728
5835
6030
6353
6723
7155
7626
8239
8213
7936
7416
7139
6974
6796
6677
6707
6827
7049
7440
7640
7726
7519
6647
6439
6491
6511
6728
6875
7079
7137
7106
7067
6863
6343
5911
5992
6201
6534
6625
6860
7026
7272
7244
7053
6594
6108
5676
5803
6162
6721
7200
7587
7810
8021
8305
8103
7755
6938
6105
5919
6040
6283
6432
6689
7004
7420
7955
8440
8775
8152
6870
6373
6297
6513
6705
7024
7298
7675
7764
7711
7280
6554
5792
5591
5763
6121
6373
6689
6633
6657
6621
6677
6484
6067
5724
5739
5791
6145
6454
6981
7324
7776
7942
8287
8233
7706
6779
6510
6445
6635
6813
7211
7525
8011
8495
9133
9217
8515
7448
6933
6817
6950
7117
7394
7729
8063
8321
8280
7677
6992
6288
6189
6416
6752
7295
7711
7897
8028
7932
7617
7065
6514
6056
6028
6489
6781
7029
6978
7061
7244
7589
7588
7329
6859
6251
6272
6706
7374
8006
8736
8263
8137
8061
8123
7917
7411
6643
6622
6944
7198
7088
7055
7054
7104
7175
7379
7186
6894
6516
6372
6453
6655
7015
7143
7481
7904
8270
8678
8387
7905
7021
6779
6804
7092
7260
7527
7694
7945
8174
8174
7770
7114
6336
6122
6330
6685
7071
7470
7668
8040
8246
8269
7774
7135
6385
6276
6430
6665
6813
7154
7450
7786
8162
8489
8476
7960
7219
7023
7029
7060
7225
7428
7800
8288
8839
9349
9294
8484
7268
6850
6841
7082
7281
7713
8336
8977
9584
10107
10027
9172
7780
7061
6806
6907
7082
7299
7586
7842
8013
7918
7466
6740
6154
6143
6520
7050
7610
7689
7820
7967
8170
8037
7793
7265
6656
6640
7209
8027
8811
9345
9021
8772
8455
8190
7573
6808
6232
6383
6783
7411
8080
7963
7923
7744
7717
7686
7627
7326
6877
6876
7279
7666
8074
8390
8319
8409
8446
8263
7692
7112
6544
6606
6811
7202
7587
8125
8553
8907
9392
9574
9212
8457
7418
6955
6855
7004
7399
7744
8146
8613
8752
8861
8724
8407
7718
7599
7577
7675
7534
7566
7651
7791
8095
8306
8336
8055
7660
7844
7719
7780
7910
8131
8468
8914
9367
9858
9704
9000
8031
7519
7558
7580
7761
7843
7946
8148
8237
8146
7737
6924
6132
5983
6269
6762
7053
7354
7345
7377
7488
7665
7777
7656
7474
7607
8064
8183
8187
8169
8206
8299
8402
8382
8057
7496
6838
6875
7156
7619
7871
8283
8770
9335
9260
9132
8709
8145
7433
7162
7192
7365
7521
7874
8289
8611
8963
9058
8532
7899
7071
6906
6814
6906
6984
7143
7336
7652
7645
7967
8208
8074
7894
8053
8077
8348
8359
8555
8662
8831
8913
8707
8231
7648
7126
7235
7686
8401
9236
9430
9467
9550
9625
9564
9170
8521
7730
7586
7780
7893
7881
7981
8155
8287
8386
8604
8544
8287
7848
7483
7248
7283
7495
7973
8481
9020
9458
9703
9687
9456
8528
7924
7639
7669
7802
8120
8416
8547
8652
8658
8180
7693
7268
7491
7808
7793
7879
7939
8103
8203
8475
8543
8057
7390
6680
6582
6938
7495
7949
8409
9030
9730
9926
9697
9187
8411
7432
7013
7134
7539
8052
8400
8967
9209
9304
9345
8735
7925
7092
6838
6881
7163
7482
7896
8119
8112
8100
8177
7979
7562
6998
6924
7130
7493
7905
7903
8072
8435
8662
8914
8642
7991
7326
7366
7784
8293
8749
9187
9034
9203
9351
9451
9174
8625
7975
7700
7575
7626
7833
8122
8485
8327
8323
8176
7830
7287
6769
6801
7078
7593
8016
8630
8779
9001
9221
9691
9744
9528
8820
8271
8021
8026
8015
8135
8455
8844
9373
9802
9475
9167
8909
9189
8864
8628
8375
8389
8503
8799
9143
9662
9722
9438
8866
8852
8555
8400
8288
8436
8747
9065
9286
9203
8496
7811
7095
7067
7363
7773
8113
8499
8935
9411
9484
9673
9516
9167
8730
8688
8459
8458
8484
8784
9146
9507
9769
9961
9557
8764
7905
7819
8053
8339
8713
9194
9309
9576
9356
9232
8750
8180
7484
7330
7367
7745
8108
8660
9017
9024
9066
9062
8923
8491
7940
8035
8389
8428
8426
8422
8644
8932
8966
8985
8798
8556
8164
8348
8688
8972
9194
9182
9277
9505
9709
9764
9263
8519
7779
7619
8068
8735
9355
9305
9533
9399
9213
8947
8325
7699
6656
6324
6323
6594
7115
7732
8424
9200
9899
10654
10918
9709
8601
8298
8368
8629
9039
9434
9965
10422
10290
10202
9908
9442
8870
8908
9410
8913
8644
8565
8752
8854
8985
9083
8986
8691
8129
7968
8279
8709
9181
8945
8850
8826
8924
9147
9033
8672
8219
8328
8609
8958
9319
9806
10414
10370
10162
9899
9527
8580
6877
5901
5472
5369
5473
5598
5819
5927
6108
6091
5847
5291
4796
4832
5003
5314
5591
5882
6132
6376
6536
6675
6556
5960
5229
5058
5210
5533
5755
6008
6236
6484
6553
6686
6324
5794
5041
4999
5274
5629
5889
6202
6395
6694
6755
6839
6219
5428
4726
4615
4917
5179
5302
5572
5848
6153
6279
6416
6100
5567
4999
4999
5065
5346
5649
5975
6296
6476
6669
6828
6506
5986
5134
4996
5109
5307
5547
5732
5857
6059
6103
6205
5968
5500
4999
4999
5105
5325
5557
5681
5870
5963
6087
6043
5673
5225
4788
4896
5049
5412
5801
6035
6325
6479
6587
6730
6522
6089
5441
5327
5398
5639
5867
5967
6180
6283
6424
6487
