18
26
34
42
50
56
63
70
77
84
91
101
117
139
166
196
231
268
310
356
407
461
524
597
682
785
905
1044
1202
1381
1589
1831
2104
2407
2747
3132
3573
4074
4655
5154
5745
6413
7205
8115
9160
10356
11714
13262
15043
17038
19331
20474
22529
24611
26799
26364
25479
24814
24339
22537
20963
19316
18225
18543
19599
20486
21348
22423
23321
24505
24994
24237
23540
23048
22806
23373
24467
25627
26794
28223
29306
29691
29637
29752
29502
29104
28675
30193
30648
31652
32125
32721
33685
34777
35493
35708
34542
32791
29948
29053
29576
30781
31743
33282
35362
36499
36895
37602
37418
36555
35246
36354
37456
38818
38573
39678
41202
43066
43918
44670
44483
43995
41522
41159
42158
44165
44935
44996
44710
44033
43187
43113
42708
42260
41989
41262
41210
40209
39881
40361
41701
43530
44926
45473
43409
41286
38731
40064
43232
46845
48904
50420
50899
50269
49591
49870
49803
49216
47743
48957
51206
54046
56379
57577
58068
57948
57416
56005
52973
49357
45608
45350
46535
48878
51041
53330
54666
54586
54118
53899
51403
48598
45805
47149
50262
53942
56999
59439
61949
63849
64461
65245
64793
63285
60148
60219
62229
65390
68764
72371
74398
75318
73862
70641
65455
58641
53402
53507
54763
57217
58149
59572
61407
62631
62878
62283
59975
57325
53527
54387
56389
59860
62999
65533
67066
67015
67121
68196
68170
65110
59455
59162
61133
64321
66799
69196
69613
68761
66980
65325
63022
60391
56537
56305
57436
60104
62369
64096
64749
65300
65457
65080
63002
60368
56490
56610
58403
62184
64895
67262
68930
69393
69466
69833
69169
67440
63359
63289
65157
68679
71291
73278
73857
73594
73282
73499
72002
68464
64545
64186
62954
62447
63113
64740
66081
66035
65336
65144
63672
61465
58214
60139
64392
68474
69729
70240
70081
68915
68137
67748
66204
63586
59984
61309
64088
67722
70147
72108
73485
73874
73862
72825
70405
67485
64505
65019
67609
70553
71888
72436
72662
72134
71703
71632
69865
66773
58353
56970
58092
60486
61648
62997
62903
63192
64020
64472
63186
61480
58093
59791
61395
64345
66197
67805
68999
69253
69486
69649
64730
56750
49511
48257
49385
51924
53687
55528
56511
56603
56772
57280
55695
53819
49423
50035
52631
56781
60526
62669
62060
59827
57928
55190
51195
48148
44762
45578
47678
50589
53093
55635
57596
58704
58615
57407
54265
50409
45623
45446
47233
50294
52885
55488
57912
60176
62084
63764
62830
59759
55066
55192
57408
60821
63537
65919
66990
67032
67318
66609
63357
58128
51505
51049
53080
56288
58692
61185
62824
62708
60445
57758
53307
49055
45344
46147
48599
52158
55147
57996
60705
61631
62029
60892
58307
55117
51582
53116
56274
59956
61751
63683
64695
65373
65823
65436
62332
59094
54756
55907
58650
62906
65587
67577
68435
66815
64327
61519
55712
51015
46813
47718
50544
54838
58980
62284
64204
64228
64142
64308
63154
60823
56751
58077
60447
63012
65245
67441
69172
69178
69037
68598
66009
61718
56735
57697
60705
63986
65482
66350
65385
64244
63141
60816
56438
52504
49040
50727
53177
56737
59664
61931
63561
64110
64250
64260
63052
60796
58034
60520
63622
68060
71686
74151
75441
75485
75513
74359
70163
64742
58819
58842
61060
63841
65482
66624
66791
65477
60611
57400
53597
50233
46110
47744
51227
54999
57135
58334
59370
58521
57203
55263
52106
49234
46087
47777
50035
53112
56134
59076
61533
62600
63551
63756
60786
57128
52625
54290
57215
60809
63537
65428
65608
63582
61598
59486
55491
51485
46861
47877
51088
55578
57945
59669
60398
59490
58949
58509
56901
54888
51085
53005
55418
58816
61144
63254
64959
65606
66061
65463
62640
58730
53304
53759
56397
60026
62425
64169
64987
63574
61271
58805
54539
50680
46465
48016
51343
55631
58231
60340
61726
61848
62039
62180
59388
55549
50749
51666
54649
58087
60178
61470
62146
62347
62508
62407
60762
58614
54751
55234
57975
62042
64288
66460
66796
65948
65181
63341
59085
54938
50846
52328
54876
58110
60143
61695
61869
60643
60175
60150
58388
55679
51267
52497
56008
61087
64314
67304
69200
69198
68094
66546
63586
60127
56383
58240
60744
64409
66479
67743
67495
65649
64175
61616
57172
52606
47897
48173
50001
53110
55871
58531
60880
61312
61533
61420
59264
56714
52437
53786
56447
60350
63063
66020
68330
69520
69618
68490
64904
61596
57297
59473
62803
66996
69184
70533
70546
68331
66623
64494
59938
55054
49607
50559
53630
57831
60628
62880
64221
63882
62328
61517
58830
56024
51906
53126
56400
60981
63768
66475
67898
68123
67787
67229
64630
62294
58573
60178
63185
67392
70244
73457
75962
75578
74230
72108
66715
61167
54105
53055
54380
57578
60021
61449
62092
62242
62366
62030
59788
57339
52545
53868
57502
62284
66494
70086
71241
71458
71874
71611
68654
64670
58917
58989
60940
64562
67151
70102
72316
72275
70766
68645
63648
59023
54764
56529
59830
63850
66162
68490
68737
67448
64933
62405
57730
53321
49024
50395
54026
58688
62402
64651
66864
67948
69324
70439
68896
66116
60721
61230
63504
67383
70675
73564
73946
72616
70621
68834
65610
62270
57414
57812
59817
63698
66964
70392
72099
70419
68020
64551
58919
53945
49271
50050
53194
57350
60875
63643
65497
66893
67689
67770
66108
63221
60062
61960
64941
68735
71996
75486
77866
79617
80798
81988
78610
72621
62913
60944
62414
65701
67696
69905
70310
68570
67084
64297
59681
55178
51055
52948
56722
61322
64580
66804
68712
68397
68599
68062
65207
62312
57772
59540
62793
66564
69210
71381
72048
71717
71282
71148
68799
65362
59757
60644
64593
70485
73393
75172
75677
73710
71204
68223
63371
58850
54161
55127
58082
62177
64967
67516
68904
69204
68701
68272
66363
64177
61002
63161
66063
69718
71552
73001
73103
73143
73683
73015
70107
66672
60921
61607
65278
70167
72993
75623
77957
78986
78100
75679
69699
63466
57485
58821
61495
65305
67261
69330
70734
71803
71401
71271
68135
63660
58226
59913
63361
68481
72324
76282
78759
79629
78911
76339
71685
67012
62588
64406
67444
71444
73402
75072
75201
74288
72393
70150
65417
60247
55456
56853
60193
64421
67783
71295
72470
71935
71188
70475
67295
63653
59027
61028
64880
69901
73636
76358
77517
75656
74115
71857
68295
64578
60580
61813
64362
68502
71322
73695
75366
75089
74431
72843
68561
64433
59585
60501
63807
68807
71955
74109
75494
75525
75741
75202
72154
68429
63561
65542
68563
72284
74829
77434
78946
78329
76610
74255
68752
63472
58354
59673
62844
67233
71214
74555
74546
74028
73910
73827
71757
68875
64186
65756
69441
73886
77416
79970
80078
78762
77015
75461
71539
67963
63344
64216
67931
72850
76074
77502
77500
76991
76296
75427
70195
63254
55937
55628
58412
62925
66162
69216
71217
72270
73844
75440
73772
70170
65543
67709
72722
77879
81255
84201
85907
85784
84494
82269
76925
70484
62833
63132
66180
70355
72918
76274
77851
77275
75378
73672
69177
64427
58617
58861
61748
65647
68329
71140
72806
73585
74662
75033
73170
71054
67018
68563
72453
77951
81785
84278
84092
83127
82549
80361
74252
67900
61719
61725
63817
67680
69975
71910
72453
71727
70610
69602
66896
63696
60218
62483
66034
70884
75145
79415
82962
84890
85164
84070
79594
73874
67231
68889
73556
79581
83161
85838
87106
87080
85775
82845
76875
71590
65502
66505
68900
73115
76415
78880
79052
77576
76372
74875
70669
65815
60242
61366
64809
70210
75198
78945
80396
81212
81270
80512
75446
70028
64257
65783
68685
71595
73834
76965
79108
79761
78964
77724
74393
70521
65783
66996
69609
73243
76235
79201
80497
79815
78756
76442
72287
67373
61764
63074
67335
72816
76934
80072
81380
80501
79020
76128
70631
65821
61176
63270
67498
73711
79327
84471
86304
86789
86019
84697
80225
75021
68270
68604
71428
76038
78553
81118
82743
82763
82007
80104
76367
72536
68129
69664
72881
78048
81988
85825
88079
87499
86607
84236
79154
74447
68904
70252
72880
76138
78094
79504
79945
79280
78555
76974
73420
69484
65585
67985
72915
78213
81669
85219
87067
86264
84729
82196
77018
71199
64560
64985
67489
71230
74142
76823
79001
79547
80304
80930
79002
76574
71211
73140
77290
81724
84120
86015
87273
86708
86134
85573
82237
78430
71365
71515
74178
78022
81104
83178
83681
82069
80928
78342
73686
68022
61997
62440
65654
69895
73856
77969
80878
81633
82177
83130
81109
78342
74523
76882
80442
84034
86027
86957
88054
87611
87066
87111
84307
81062
75964
77740
80990
85484
88546
90164
88435
83967
79941
76955
71665
67359
63363
63809
66233
70240
73609
77175
79591
80441
81226
80887
78135
74209
69566
70910
73708
78532
82228
85480
88635
90367
91154
89438
85161
80551
74881
76270
78881
82969
85901
88355
89079
87317
86024
84898
81331
77657
72560
73442
76160
80197
83465
86001
86701
86830
85807
83955
79960
76370
72024
73543
75872
79388
81536
83168
84252
84044
83574
82777
79223
74540
68917
69273
72787
78335
83169
87123
90027
92132
93335
94078
91424
87499
81568
81575
83434
86431
88094
90603
92136
92755
91318
88727
81749
74537
67063
67716
70510
74650
77234
79746
81440
81347
80665
80006
76755
73008
67711
69158
73054
79054
83657
87090
89428
89441
88654
87446
84625
81071
76797
78821
82716
88556
92356
96479
96737
95812
93836
91047
85062
79453
72284
72171
73002
75395
77112
79089
80483
79936
79675
78799
76415
74074
70153
72254
74908
79363
81848
84027
86324
88548
89880
90092
87164
83599
78910
79291
81841
85337
88055
90795
92824
93658
92593
90269
85283
80141
75545
76751
80425
85294
88169
90782
91085
89922
88805
87398
82607
76685
70266
70798
74328
79783
83363
86596
89291
90039
90870
90963
87971
83072
76961
78025
82244
88322
91846
94822
96244
96041
94939
93744
90804
86584
81687
82827
83478
86011
87613
88377
88574
88245
88913
88869
84775
79631
73532
73755
76653
80622
82508
84258
85719
85716
87033
86906
83497
78628
72421
73790
78129
84458
88974
92333
94401
95067
95271
95438
92252
88018
81721
82348
85097
88790
90434
91786
92323
90906
89477
88162
84509
79052
72846
73827
77630
82473
85124
87203
87212
86130
84809
83823
81402
78178
74627
76824
80891
85403
88856
92870
93602
93874
94166
93330
89520
83852
77766
79666
83671
88784
91657
93719
94014
90376
82551
76318
68725
62122
55721
57039
61568
67226
70234
72918
75112
75763
74740
72165
66162
59510
51486
51618
54731
59219
62407
65937
68537
68787
69134
69499
66154
61956
55465
55978
58673
62827
65695
68300
69661
69716
69450
68657
63757
58466
53474
55367
59328
64485
67363
69703
70814
70356
69403
67156
61652
56348
49788
50371
53611
57280
59756
61963
63592
64539
65913
67120
66265
63565
58182
60312
64852
69633
72240
75468
77585
77016
75078
72174
66612
60238
53357
54277
57727
62386
65794
69035
70179
68631
66906
63791
58522
53327
47867
48917
52104
57172
61748
65579
68395
69461
69979
69909
66266
61678
56523
58787
62699
67934
71127
73789
74801
74920
75036
73850
69052
63453
56323
57444
60204
64338
66854
68361
69467
69408
67880
65287
60664
56339
51142
52681
56228
61071
64686
67288
67869
66401
64748
61994
57229
52939
47815
49173
52401
57079
60645
63805
66277
67285
67117
66375
62848
58637
53511
55232
58882
63976
67242
70490
71270
69907
68516
66761
62746
59121
54615
57005
60727
66349
70317
73523
74200
71628
69277
67065
62303
57129
51926
53912
58059
62734
64730
66987
67819
66988
65815
64171
60451
56808
52011
54164
58491
64049
68539
73097
75666
76104
75548
73604
69148
63586
56894
58422
61678
65379
68090
69898
69680
68083
65782
62549
57480
53126
47367
48267
51888
56528
60083
63430
65597
66590
67636
65571
61370
56718
51510
53466
57214
62237
65432
68465
70704
72309
73779
73881
70302
65385
58300
59496
62428
66973
70004
72904
72862
70928
68895
67105
63342
59509
55470
56829
59952
64546
67174
69097
68932
68139
66412
64509
59766
54781
48536
50053
53795
59175
63393
66834
67963
66866
66170
66190
63350
60760
56000
58612
62740
68091
71759
74800
74491
72322
70197
67849
63256
58459
53020
54038
56057
59678
62018
63788
64486
62642
61558
60817
57318
53033
48374
50507
54912
60656
65051
68469
70058
70566
70953
69073
64044
58701
53476
55981
60266
66366
71768
74433
74445
72654
71364
70548
66650
61936
55899
57555
61454
66236
69401
71245
72839
74509
75612
75238
71053
64710
56683
57027
60130
65068
68055
70624
70436
68741
67272
65274
61301
56710
50744
52492
56954
62488
66079
68718
69376
68571
67857
66963
63774
59885
53707
55183
59722
65329
69129
72566
72654
71126
69145
67240
63230
58489
52380
53168
55993
60772
63463
65617
67239
67738
67784
66358
62345
57805
51828
53593
58007
63789
67794
70606
72405
72484
70390
67695
61508
55829
50585
52138
56659
62658
66958
70738
73631
73928
72948
70262
64440
58747
52724
54539
57871
62386
65638
68940
71219
70879
69948
68297
63020
57354
51659
53050
56915
61948
65628
69071
69631
68778
67343
65490
61432
57366
53509
55974
59474
64834
68279
71211
72583
72805
72455
70013
64227
58805
53278
53870
56673
61326
64524
66951
67212
67036
66646
65304
60866
55627
49159
50311
54464
59595
63759
67361
69990
70467
69668
69204
65918
62492
58445
59839
63629
69198
73373
75918
76485
75126
73589
70497
64593
57848
50725
51544
54481
58745
61648
64489
66396
66847
67090
66918
63376
59355
54341
55846
58701
62724
65852
68523
69684
69628
69212
68275
64451
59546
53722
55224
58529
62887
65644
68537
71123
71331
71371
69618
65495
60722
55206
55983
58174
62068
65027
67793
69667
69627
68454
65883
59773
53866
47970
49711
54348
60091
64830
67480
69576
70244
70816
70119
65929
61359
55121
56733
60747
65923
69455
71942
72236
71064
70661
69946
65996
61548
55347
56706
60754
66578
70760
74131
75144
74433
73159
70260
63541
56684
49616
50173
52268
56078
59541
62102
64501
65459
65273
63739
59570
55290
50425
52199
56071
60777
64175
67222
69035
69045
69480
68709
65545
61780
57309
59897
64267
69152
71640
74377
75046
73894
71240
66803
60601
54837
48635
49910
53550
58364
61656
64628
65686
65814
65944
64828
61792
58106
53951
55718
60083
65054
69528
73629
76900
77756
78383
77145
71858
64695
56709
56807
59971
64212
66984
69010
70060
68389
66460
64701
59894
54743
49313
50373
53524
58175
61982
65390
67627
68016
68000
66256
62039
58483
54303
57091
60995
65877
67068
67993
68201
67047
65944
65128
62264
58085
52262
53061
56209
61102
65021
68465
70799
71222
70152
67806
62588
57495
52303
54192
58134
63549
67022
69252
69431
68717
68649
66919
63299
58209
52577
54539
58992
64325
68256
71257
72304
72078
71644
69559
64846
59191
52497
53378
56855
61200
65278
68724
70495
69983
70116
69680
66322
61766
55651
55910
58603
63106
66354
69352
70202
69473
68665
68351
65562
62317
55886
57187
60165
65042
67764
69750
70885
70881
70016
67375
61173
54293
47900
48775
52542
57242
61269
63723
65507
66503
67307
67172
63190
58084
53227
55176
59911
66137
71062
74420
74403
73357
72169
70104
65867
60835
55583
57451
61249
66636
69959
73184
74651
73197
72769
71462
66533
60931
54154
54109
56146
59713
61868
64210
65188
65180
64399
63825
