17
24
31
38
45
52
59
66
73
79
85
95
111
130
153
181
212
249
292
341
392
446
505
574
652
742
851
978
1125
1294
1489
1715
1972
2266
2605
2985
3411
3906
4475
4999
5575
6245
7010
7882
8910
10058
11398
12908
14611
15389
15355
14937
14497
14298
13866
13424
12750
11669
10898
10242
9828
9272
8216
7892
7686
7785
7804
7866
7892
7954
8197
8589
8620
8835
9044
9850
10600
11660
12747
12504
12560
12923
13645
14412
14937
14810
13792
14233
14682
15017
15240
15774
15963
16008
16256
16526
15831
14776
13048
12364
12406
13093
14150
14902
14813
14471
14534
14966
15146
15388
15316
15912
16438
17491
18439
19368
20613
21386
22055
22756
22001
21231
19831
20045
20613
20907
20652
20674
21278
21645
22402
22312
21133
19735
18256
18140
18479
19137
19671
20320
21110
21278
21756
22187
22258
21138
20033
20883
22062
23028
23820
24716
25929
26616
27483
28276
27040
25990
24457
24944
25974
27576
29044
29954
30623
30647
29790
28679
26992
25568
24229
24641
25400
26457
27123
27976
28614
29790
31281
32369
31607
29505
27904
28189
28920
29103
29304
29785
30388
30992
32104
32931
32150
30995
29249
29145
30633
32553
33505
34449
35034
34989
35155
35736
35408
33783
31886
32387
33471
34852
36058
37316
38249
38313
37834
37158
35207
33446
31857
32774
34410
36904
38759
39745
39984
39019
38844
38607
37775
36565
35105
36312
38807
42116
43879
44227
43989
43057
42316
42143
40406
38546
36201
36894
38648
40756
41803
42906
43768
43037
42873
42497
41553
40508
38717
39382
40037
40890
41551
42259
42460
42331
42944
43878
43068
41988
40070
41286
43238
45271
45585
45824
46474
46830
47818
48714
48455
46754
43637
42872
42998
44237
45106
46321
46918
46890
46901
47776
48037
48387
48071
49587
51147
53113
53872
54240
54438
53809
53352
53047
51493
49707
47288
47768
48789
50604
52374
54715
55533
54543
53856
53770
52420
51059
47780
48008
49586
51746
52726
54313
56102
56543
56812
57113
55369
53663
51257
52277
54331
57357
59629
60836
61834
61533
61526
60412
57342
53889
50266
50179
51801
54375
56405
55175
54901
54173
54175
53605
51428
49238
46490
46937
48627
51454
53149
55052
55709
55839
56629
57738
56682
55265
52697
53599
54796
56395
56817
58041
58371
58121
57965
57611
54893
52055
48689
49679
52553
56151
56822
57105
57538
57672
58320
58451
56347
53872
50946
51638
53060
55961
58055
60606
62468
62893
63858
64410
62338
60465
56678
57124
59384
62391
58147
55168
52671
50137
48947
48053
45374
43035
40387
41095
43226
45937
47354
48366
48242
47183
46494
45669
43017
40243
37359
37777
39713
42984
45451
47742
48968
49248
49577
49674
48026
46129
43609
44728
46884
50018
52657
54720
56377
56806
56524
55794
52822
49741
45699
45483
44612
45377
45809
46789
47076
46944
47044
46536
43636
40408
36648
37258
39455
42434
44538
46065
47231
46792
47439
47754
45584
43425
40658
41104
42860
45464
47660
49912
50896
50747
50550
50344
46851
43619
40298
41196
43367
46328
48806
49916
50263
49800
49746
49074
46050
42933
39526
40343
42657
45349
46803
48710
49789
49938
51038
51780
48995
45777
41800
41935
44127
46812
48873
50485
51655
51919
52584
51695
48811
44970
40606
41139
43462
46741
48941
51449
51621
50919
50065
49532
47126
44305
41267
41842
43478
46011
47961
50158
52074
52670
52500
52437
50685
48668
45624
47053
49352
52113
53970
55668
56349
55964
55878
55440
52364
48687
44304
44428
46559
49722
51361
52530
52413
51083
49925
49354
46766
44406
41668
42668
45339
48608
51491
54212
56750
57703
57402
56037
52765
49416
45890
46861
49016
51475
53066
54692
55980
55444
55221
55191
52890
50443
47437
48208
50329
53501
55309
57413
58492
58030
57083
55645
51639
47690
43125
43043
44929
47767
49510
51716
52268
51397
50930
50741
48685
47072
44909
47091
50774
55020
57199
58192
58370
57480
57122
56402
53547
50462
46810
47422
49017
51594
53901
55843
56622
56529
56368
56267
53994
51360
48257
49162
51722
54844
57064
59355
61456
62285
62092
61369
57786
54253
50223
50588
51858
54264
56765
58800
59383
58807
58195
57644
54798
52381
49132
50191
52551
55728
58735
61002
62514
62031
61724
60831
57218
53279
48785
48579
49915
52653
55057
57458
58895
58897
58774
57940
55680
53258
50505
51848
54555
58608
61777
64252
64438
63306
62022
60951
57386
53014
48396
48486
50607
53554
56013
58035
58749
58775
59452
57882
53789
49817
45930
46526
48693
52185
54487
57165
58721
58581
59294
59903
57270
53738
48306
47848
48755
50921
52755
54640
55420
54274
53810
53120
49361
45817
42245
43497
46025
49077
51033
52481
52855
53155
53989
54644
52219
49184
45614
45865
47399
49831
52055
54614
56715
57043
57189
57665
56213
53805
50291
51095
53471
56951
58695
60344
61537
60703
60343
58341
53977
49907
45411
45940
48170
50918
52614
54172
54859
54387
54261
54123
51503
48874
45463
46777
49433
53025
55941
59033
60840
61451
62859
62905
60120
56027
50612
49767
50614
52767
54214
56377
57763
58158
59215
60300
57561
53609
49138
49338
51243
53935
55737
57427
58891
58937
54324
50452
45117
40522
35107
35499
37763
41301
43855
46248
47569
46994
45946
44345
40379
37049
33257
34121
36700
39605
41166
43164
44281
44257
44742
44364
40641
36434
31727
31498
32934
35534
38134
40519
41672
41735
42605
43373
41923
39904
36510
37920
40663
44369
47107
49365
49658
48024
46437
44791
40607
36351
32381
32988
35678
38920
41642
44373
45476
44786
44326
43625
40620
37186
32412
32544
34222
36881
38498
40637
42553
43482
44264
44464
41822
38879
35414
36230
38262
41414
43949
46870
48644
48837
47936
46183
41613
37284
33052
33804
35710
38349
40077
41942
42743
42647
43122
42811
40243
37527
33899
35012
37849
41361
44303
46818
47531
46155
44961
43460
39493
36119
32129
33379
36185
39638
41943
43843
43869
43281
43001
42611
39986
36879
33581
34913
37616
41280
44276
46553
47526
47641
47502
46869
43700
40351
36016
36760
39370
42251
43807
45699
46531
45632
44730
43369
39585
35677
30949
31458
33764
36589
38730
40901
41732
41882
42011
42283
39472
36294
32510
33041
35464
39059
42017
44767
46083
46774
47561
47367
44106
40068
35255
35370
37638
40797
43442
46276
47080
46098
45664
44845
41984
39198
35619
37243
39767
43005
45402
47631
47875
46704
45690
44728
40978
36793
32155
32088
34061
37141
39470
41794
43205
43418
43456
42979
40097
36862
33613
35061
37753
41248
44367
47122
49005
50048
50138
48930
44690
40463
35488
35769
37920
41012
42896
44746
45508
44927
44362
43467
39657
35736
31838
32740
35179
38543
41370
43624
44551
44183
43910
43433
40796
38108
34622
35789
37967
40913
42691
44157
44426
43894
43529
42588
39350
35844
31869
32524
35126
38650
41440
43841
44620
44157
44001
44114
42052
39214
35415
36242
37699
40392
42875
45850
47308
47160
46997
46154
42637
38832
34534
35778
38255
41534
43904
45729
46425
45400
44647
43618
39664
35871
31548
32080
34448
37863
40828
43683
45974
46517
46238
44976
41707
37606
33113
33306
35223
38158
40554
43416
45514
45841
46507
46358
43308
40382
36121
36861
38534
41216
43273
45442
46903
46269
45568
44111
39984
36064
31879
32246
34485
37886
40702
43667
45793
46166
46139
44926
41381
37123
32722
33006
35054
37872
39956
42224
43468
43200
43180
43361
41573
39593
36549
37949
40639
44101
46803
49152
49749
48873
48437
46294
41323
36534
31558
31290
32902
35390
37314
39069
40335
40195
40675
41152
39505
37244
34229
35434
37918
41275
43983
46480
47944
46779
45455
43879
39998
36199
32297
33172
35713
39342
42171
45212
47079
47244
46764
46108
42899
39108
34325
34662
36880
39624
41301
42835
44071
43681
43512
43036
40301
36839
32993
34044
36374
39720
42338
44799
45946
45491
45357
44672
41714
39008
35480
36359
38445
41186
43216
45241
46313
45525
44910
44561
41346
37455
32344
32983
35690
39280
42295
44538
45038
44323
43329
42683
39319
36173
32537
33505
36022
39368
41691
43497
43806
43317
43401
43096
39812
36663
32603
33129
35464
38536
40873
42823
43821
43396
42640
41674
38849
35929
32055
32739
35159
38234
40629
42887
44671
45127
45832
45767
43177
40411
37208
38891
41843
45584
48110
49514
49658
47826
46525
44961
41456
38144
34057
34810
37169
40414
42602
44266
44564
43613
42809
41978
38239
34801
30987
31200
32863
35210
36836
38736
40334
41176
42475
43318
41693
39197
35701
36503
39313
42906
45329
47397
48856
48616
48150
46819
42965
39183
34275
34490
36457
39604
42235
44975
46700
46852
46799
45833
41707
37584
33252
33964
35889
38244
39363
40573
41853
42268
43077
43229
41216
39051
35508
36794
39200
42586
44799
47168
48619
48494
48096
46254
42107
38556
34730
35401
37728
40609
42571
44003
44659
44279
43826
43092
39467
35615
31275
31611
33992
37406
39904
42492
44376
44206
44337
44572
43022
40254
36481
36928
38988
41585
43365
45234
46899
46572
46763
46181
42663
39267
34896
35621
37567
40118
42181
43970
44361
43623
43039
41849
37919
33989
29986
30577
32264
34891
37482
40289
42235
43146
44186
45095
43646
41884
38440
39194
40843
43738
45492
47082
47953
47319
46920
46292
42665
38383
33610
34338
36698
39645
41411
42648
42626
41564
40545
39281
36188
33624
30836
32175
34066
36830
39108
41504
42953
43302
44111
44734
42561
39667
36065
36828
38855
41578
42896
44434
45920
46471
47095
46669
43516
40460
36846
37835
40262
43078
44722
45763
45727
44572
43612
42352
38758
35469
31838
32292
34528
37425
39907
42279
43444
43576
43573
43454
41053
38208
34069
34964
37530
41334
44429
47123
47988
47651
47293
46590
43356
39469
34978
35517
37361
40181
42274
44721
46151
45937
45566
44755
41298
37228
32946
33635
35920
39139
41501
43736
44520
44344
44456
44595
42180
38896
34958
35419
37163
39741
42008
44163
44947
45028
45424
44919
41729
37823
33652
34245
36795
40309
43260
46155
47344
46730
46030
44553
40623
35872
30670
31009
33431
36578
39318
41240
43176
43673
44198
44107
42289
40229
36579
37491
39357
42268
43726
45539
47053
47081
46970
46068
41340
36288
31341
31675
34277
37681
40750
43665
45225
45019
44920
44359
42077
39354
35209
35700
37750
40964
43138
44919
46513
46354
46566
46063
42688
38987
35025
36039
38384
41312
43046
44617
45137
44174
43316
42349
38905
35140
30903
31390
33546
36667
38879
41069
42053
41615
41467
41954
40294
38145
34704
35601
38284
41938
44399
46725
47686
46883
46221
45184
41926
39046
35487
35888
37215
39460
41312
42693
43642
43107
42599
41613
38824
36163
33132
34005
35816
38444
40265
41858
42804
42313
42337
41933
39222
36066
32857
34501
37698
41615
44179
46819
48187
48071
47635
46410
42029
37880
33066
33293
35031
38047
40420
42591
43852
43691
43224
42305
39659
37532
34986
36527
39427
42652
45030
47236
47755
46755
45958
44695
41101
37598
33896
34795
36703
39177
41152
43023
44124
44318
43929
43294
40255
37120
32932
33576
36103
39472
42134
44427
45318
44984
44295
43361
40177
37012
33504
34505
37202
40918
43700
46175
47348
46596
45846
44492
40024
35863
31403
31286
32995
35230
36960
39168
40704
41357
41728
41999
39629
36924
34282
35949
38696
42275
45035
47762
49747
49757
49779
49577
46087
41577
36572
37062
39543
42700
44671
46154
46264
45118
44388
43119
39552
35734
31560
32013
34245
37274
39340
41374
43185
43068
43197
42196
38975
35280
31373
32197
34168
36725
38815
40557
41236
41132
41101
41023
39233
37219
34063
35239
37411
40408
42904
45208
46685
46517
46527
46116
43146
40249
36024
36360
38483
41242
42835
44277
44157
43196
42590
41765
38642
35979
33335
34834
37586
41129
43498
45519
46699
46105
45834
45455
42975
39157
34170
34425
37058
40154
42327
44082
44234
43158
42521
41567
38268
35245
31705
32590
35065
38240
40400
42667
44254
44296
45213
45940
44299
41616
37038
37213
38790
41438
43222
45163
46123
45619
45516
45721
43305
40715
36946
37939
40480
43354
45295
46455
46144
44380
43273
41493
37571
34010
30039
30376
32324
34753
36669
39158
41113
41253
41375
41338
39565
37323
34669
36523
39320
42704
45478
48303
49944
49884
49954
49808
46018
41350
36695
36511
37933
40701
42386
44440
45611
44854
44341
43020
39094
35105
30627
31347
33362
36606
39271
42321
43998
43556
42978
42210
39420
36591
33235
34717
37887
41753
45098
47228
47494
46398
46665
45995
43046
39989
36149
36898
38703
41639
43898
46233
46322
45080
44206
42740
39029
35070
30571
31065
33234
36417
38299
40198
41625
42281
42985
43521
41630
38680
34992
35856
37666
39976
41607
43605
45247
44960
45032
44651
42250
39659
36176
36707
38510
41550
44014
46888
48656
48059
47551
46423
42753
38915
33651
33751
35561
38384
40108
42102
43599
43436
43147
42538
39986
37011
33236
33698
35676
38740
40983
43204
44435
44435
44615
43775
40632
37798
34397
35688
38045
41037
43385
44943
45827
45239
44741
43757
40768
37317
33589
34119
36490
39341
41390
43753
45418
45632
45861
44998
41675
38190
33788
33871
34768
36797
38575
40794
42130
42137
42339
42399
40095
37333
33910
34832
37211
40615
43389
45822
47292
47680
47552
47235
43804
40438
36490
37430
39665
42535
44122
45358
45699
44812
44049
43565
40682
37259
32499
32484
34468
37746
40633
43472
44530
44076
44004
43956
41970
39494
35911
36765
38790
42074
44216
46435
47684
47202
46504
45144
41919
38676
34285
35026
37173
40375
42000
42820
42449
40974
40229
39770
37129
34759
31858
32829
34814
37964
40544
43378
44460
44491
44222
43768
40680
37032
33056
33888
36490
40210
42670
44994
46478
46626
47235
47048
44531
41260
37061
37620
39813
42756
44337
45757
46659
46315
46075
45703
42538
39151
34897
35419
37564
40366
42244
44380
45293
45233
45357
44757
41226
37440
33380
33954
35877
38146
39784
41647
42421
41862
42115
42401
40648
38384
35291
36678
39122
42288
44065
45602
45463
44108
43525
42485
38932
34856
30449
30856
33144
36213
38335
40183
41528
41578
42140
42528
40511
37462
33872
34948
37889
41773
44677
47181
48366
47946
48008
47993
45565
42343
37826
38255
40423
43339
45216
46642
47334
46042
44748
43212
39542
36360
32851
33395
35541
38116
39927
41903
43288
42881
43038
42169
39464
36642
33363
34277
36960
40628
43661
46663
47576
47348
47739
47185
44013
40064
35208
35033
36668
39202
41198
43282
43882
43066
43040
42937
40245
37660
34642
35585
37925
40981
43063
45417
46932
46498
45962
44490
40287
36707
32886
33423
35653
38894
40948
42904
43478
42592
42743
42549
40419
38152
34814
36184
38659
41924
43979
45581
46255
45518
45110
43993
40432
36644
31977
32580
34988
38098
39943
42189
43334
43280
43530
43583
40595
36746
31981
32454
34992
38419
40754
43223
44773
44553
44872
44838
42373
39569
36168
37231
39839
43558
46632
49099
50017
48950
48242
46624
42196
37563
32652
32637
34444
37205
39255
41114
42793
42874
43675
43830
40807
37283
32786
33516
36178
39359
42097
45287
47153
46982
46695
45704
41928
38253
33884
34539
36789
39674
41434
42906
44185
44297
44801
44893
42297
39175
35136
35486
37110
39498
41247
42933
43767
43484
44185
44011
41297
37596
32631
32759
34821
37556
39490
41476
42975
42839
42847
42382
