15
20
25
30
35
40
45
50
48
50
52
58
65
72
84
97
113
131
150
167
177
181
189
194
192
183
175
177
187
204
212
231
235
233
235
225
211
186
174
179
184
201
218
244
251
269
274
290
285
286
281
296
320
348
366
388
411
439
485
517
545
548
518
506
498
503
524
539
564
595
630
670
691
672
634
619
643
644
633
603
581
570
570
601
617
627
620
676
739
797
828
856
861
855
847
856
858
856
842
846
801
793
805
790
809
822
806
819
835
846
838
892
884
916
964
986
992
993
1028
1075
1078
1057
998
1004
1015
1043
1071
1097
1149
1180
1232
1285
1291
1332
1219
1141
1119
1133
1181
1144
1158
1155
1143
1161
1179
1211
1175
1201
1258
1287
1294
1311
1243
1230
1251
1261
1321
1269
1241
1275
1315
1331
1316
1281
1298
1343
1407
1513
1548
1511
1388
1406
1465
1519
1460
1406
1369
1364
1404
1471
1496
1530
1556
1617
1695
1701
1657
1629
1633
1655
1684
1699
1665
1615
1591
1663
1729
1722
1691
1684
1709
1691
1695
1739
1761
1730
1692
1721
1804
1846
1834
1654
1508
1445
1454
1559
1646
1737
1725
1783
1654
1588
1547
1522
1491
1521
1572
1665
1712
1643
1415
1394
1430
1514
1601
1679
1766
1838
1917
2022
2096
2112
2141
2160
2083
1980
1976
1979
2015
2094
2206
2344
2397
2359
2317
2389
2406
2348
2294
2213
2192
2219
2286
2351
2215
2021
1748
1666
1672
1787
1956
2079
2233
2295
2282
2231
1981
1839
1731
1794
1899
2040
2168
2136
1974
1802
1774
1823
1942
2042
2143
2332
2473
2505
2412
2287
2222
2195
2247
2381
2407
2438
2282
2151
2110
2168
2244
2260
2335
2339
2282
2240
2200
2248
2260
2415
2628
2714
2670
2656
2616
2615
2595
2470
2374
2313
2040
1915
1894
2016
2189
2387
2621
2851
3042
3142
2874
2618
2391
2323
2369
2451
2430
2436
2432
2398
2423
2513
2596
2629
2649
2716
2666
2608
2553
2545
2608
2622
2690
2808
2906
2977
2968
2990
2826
2659
2566
2542
2623
2811
3052
3362
3592
3620
3544
3590
3552
3427
3311
3154
3153
3180
3124
3097
3084
3101
2991
2934
2882
2931
3046
3199
3357
3477
3618
3711
3760
3626
3455
3197
3001
2792
2573
2443
2450
2579
2817
3232
3532
3654
3601
3453
3295
3122
3096
3101
3160
3266
3381
3635
3677
3589
3412
3409
3347
3332
3334
3420
3597
3789
4048
4323
4216
3958
3333
2955
2835
2849
2964
3139
3321
3553
3812
4097
4337
4330
4255
4033
3737
3553
3439
3430
3437
3587
3888
4250
4315
3933
3404
3161
3122
3226
3395
3547
3691
3880
4160
4391
4353
3911
3479
3298
3283
3330
3446
3452
3576
3631
3783
3957
4071
4086
3915
3665
3477
3416
3438
3424
3480
3526
3728
3968
4218
4412
4410
4377
4120
3946
3914
3856
3851
3867
3951
4035
3965
3934
3956
4171
4402
4587
4630
4614
4585
4532
4323
4163
3845
3683
3692
3963
4328
4677
4878
4999
4881
4693
4350
4129
3769
3553
3315
3325
3568
3717
3842
4106
3999
3886
3813
3760
3497
3244
3063
3121
3345
3629
3921
4139
4303
4181
4082
4153
4106
3865
3568
3533
3641
3807
4018
4270
4616
4860
4938
4648
4188
3820
3416
3264
3268
3354
3451
3539
3710
4039
4469
4972
4999
4697
4247
4007
4032
4024
4047
4192
4425
4543
4624
4805
4864
4724
4359
4245
4313
4425
4517
4627
4454
4317
4222
4201
4107
4066
3862
3958
3901
3941
4054
4203
4333
4443
4600
4859
4904
4870
4405
4269
4267
4275
4357
4490
4673
4831
4885
4750
4573
4114
3768
3703
3838
3807
3744
3758
3844
3877
3840
3955
3798
3613
3423
3474
3625
3788
3873
3827
3799
3767
3854
3965
3883
3725
3322
3175
3254
3351
3381
3407
3342
3350
3337
3426
3341
3256
3119
3273
3505
3714
3786
3894
4043
4087
4089
4207
4169
4097
3943
3961
3935
3994
4067
4146
4103
4065
3878
3816
3684
3353
3086
2945
3022
3185
3412
3678
3797
3846
3874
3970
3999
3879
3580
3446
3393
3504
3733
3882
4047
4040
4107
4240
4285
4141
3812
3833
3967
4096
4106
4118
4074
4173
4327
4386
4309
3937
3591
3481
3565
3720
3859
3986
4027
4106
4251
4439
4280
4117
3850
3816
3851
3901
4017
4229
4277
4430
4633
4721
4499
4033
3549
3371
3399
3558
3733
3939
4117
4319
4388
4464
4215
3840
3488
3435
3545
3803
4124
4480
4844
4827
4592
4541
4293
4106
3822
3865
4022
4216
4394
4619
4505
4438
4386
4370
4133
3989
3609
3506
3527
3556
3712
3856
4032
4188
4438
4741
4796
4706
4223
4028
4015
4170
4403
4554
4715
4943
4706
4642
4512
4298
4069
4169
4337
4471
4430
4438
4494
4497
4514
4555
4504
4431
4192
4262
4231
4143
4159
4152
4196
4207
4298
4502
4573
4470
4251
4087
3993
3951
3904
3956
4108
4206
4296
4479
4357
4244
4073
4170
4419
4592
4842
4947
4999
4818
4715
4656
4534
4403
4297
4551
4905
4985
4999
4887
4843
4707
4598
4395
4206
3983
3909
4112
4397
4733
4882
4999
4999
4955
4916
4785
4563
4206
3915
3954
4094
4263
4614
4970
5162
5122
5034
4855
4589
4292
3898
3784
3809
3990
4269
4673
4999
5286
5051
4999
4999
4646
4191
4080
4150
4304
4514
4708
4999
5246
5134
5213
5176
4999
4625
4489
4506
4485
4490
4560
4707
4993
5062
5168
4999
4852
4634
4705
4859
4999
4726
4439
4319
4273
4347
4398
4220
4018
3924
4058
4418
4637
4726
4847
4872
4911
4999
4999
4918
4666
4348
4182
4215
4386
4711
4922
5043
5010
4909
4872
4681
4409
4187
4271
4456
4656
4980
4999
5093
5200
5060
4999
4631
4363
4159
4212
4404
4439
4535
4709
4987
5192
5448
5617
5492
4940
4553
4474
4600
4750
4924
4999
5065
4999
4999
4999
4782
4583
4352
4444
4704
4920
4713
4485
4363
4310
4238
4169
3888
3603
3290
3254
3434
3714
3854
3950
3872
3743
3550
3562
3456
3322
3093
3109
3260
3431
3584
3824
3871
3884
3883
3981
3808
3626
3357
3377
3547
3780
4038
4221
4404
4287
4155
4108
3932
3647
3386
3431
3619
3893
4163
4246
4233
4180
4074
4027
3777
3483
3224
3241
3344
3484
3607
3707
3729
3749
3664
3568
3455
3310
3125
3116
3264
3415
3596
3799
3980
4121
4237
4258
4177
3828
3444
3406
3581
3719
3833
3892
3911
4000
4153
4264
4146
3800
3481
3259
3233
3279
3355
3452
3565
3672
3666
3754
3721
3543
3267
3291
3333
3487
3658
3746
3882
4055
4188
4423
4245
4074
3574
3413
3432
3608
3845
4091
4236
4302
4366
4256
4027
3673
3335
3293
3343
3452
3642
3820
3915
4071
4213
4323
4141
3868
3398
3238
3185
3270
3411
3581
3761
3825
3993
4234
4150
3954
3649
3608
3691
3855
4035
4065
4061
4049
3985
4031
3910
3721
3420
3482
3635
3883
4028
4101
4079
3972
3936
4002
3848
3549
3266
3302
3432
3684
3792
3886
3914
3926
3977
3971
3925
3749
3437
3446
3545
3773
3870
3972
4023
4096
4131
4214
4003
3710
3396
3389
3492
3679
3876
4006
4057
4109
4208
4289
4209
3933
3645
3680
3811
4045
4222
4307
4403
4518
4646
4773
4642
4356
3820
3667
3686
3812
3954
4091
4132
4179
4079
4020
3881
3585
3199
3160
3220
3394
3610
3848
4066
4171
4209
4131
3881
3595
3315
3338
3446
3693
3977
4280
4644
4966
4854
4857
4476
4051
3506
3373
3457
3658
3826
3993
3920
3886
3802
3853
3784
3695
3467
3526
3734
3949
4193
4402
4546
4575
4671
4754
4582
4190
3725
3665
3815
4036
4197
4281
4213
4207
4126
4176
4131
3833
3521
3438
3499
3623
3791
3894
4007
4166
4432
4760
4694
4539
4034
3888
3831
3892
3981
4092
4176
4270
4468
4524
4408
4169
3855
3833
3914
4102
4068
3998
4022
4111
4156
4311
4062
3685
3352
3326
3427
3566
3637
3819
4023
4218
4319
4563
4406
4106
3794
3743
3864
4082
4274
4511
4649
4753
4904
4870
4580
4130
3643
3591
3690
3824
4016
4084
4130
4244
4164
4159
4060
3830
3580
3598
3689
3856
4103
4268
4425
4635
4627
4571
4292
3968
3650
3651
3823
4035
4122
4246
4241
4224
4236
4362
4186
4039
3846
3982
4210
4370
4424
4424
4579
4598
4593
4646
4512
4242
3988
4083
4234
4366
4514
4668
4732
4797
4708
4670
4493
4132
3793
3660
3669
3708
3862
4043
4294
4451
4711
4654
4495
4267
3930
3964
3986
4051
4112
4097
4175
4222
4231
4413
4417
4079
3782
3691
3757
3950
4096
4180
4317
4433
4489
4678
4431
4203
3859
3870
4058
4183
4326
4455
4604
4793
4999
4999
4691
4270
3817
3716
3785
3950
4074
4232
4521
4657
4840
4999
4733
4256
3871
3825
3936
4179
4227
4281
4423
4574
4677
4804
4745
4614
4333
4262
4148
4128
4192
4236
4325
4447
4569
4858
4907
4261
3630
3335
3277
3423
3609
3753
3762
3770
3795
3875
3695
3492
3167
3147
3226
3314
3470
3589
3699
3767
3764
3782
3644
3276
2850
2784
2823
2973
3160
3213
3272
3360
3450
3588
3524
3182
2856
2841
2966
3122
3284
3476
3645
3813
3941
4088
3934
3587
3192
3224
3347
3435
3570
3634
3683
3600
3623
3711
3569
3164
2799
2782
2870
2980
3076
3154
3162
3214
3250
3379
3353
3190
2901
2929
3021
3121
3303
3436
3591
3633
3708
3898
3861
3629
3337
3337
3446
3574
3694
3816
3874
3865
3869
3943
3696
3434
3033
2967
3057
3216
3328
3293
3360
3411
3412
3391
3317
3166
2940
2880
2997
3218
3470
3655
3839
3846
3917
3930
3781
3490
3184
3089
3191
3372
3561
3569
3608
3620
3638
3715
3590
3322
2988
3023
3137
3260
3273
3310
3327
3426
3481
3521
3423
3277
3073
3002
3079
3251
3439
3576
3566
3602
3677
3787
3606
3368
3109
3069
3115
3282
3447
3592
3719
3878
3889
3978
3830
3523
3130
3078
3203
3335
3510
3630
3695
3758
3760
3771
3628
3163
2727
2689
2745
2809
2906
3010
3123
3214
3233
3379
3315
3126
2784
2754
2869
3064
3150
3192
3301
3393
3497
3561
3523
3304
2997
2951
3047
3197
3359
3367
3468
3544
3700
3891
3676
3433
3138
3055
3161
3321
3483
3589
3656
3721
3762
3723
3584
3349
2933
2908
2989
3139
3216
3290
3370
3454
3556
3576
3487
3262
3005
3042
3227
3417
3547
3644
3627
3616
3612
3726
3491
3230
2877
2873
3008
3196
3418
3584
3596
3622
3659
3716
3605
3338
3059
3050
3151
3310
3426
3425
3502
3580
3667
3690
3588
3271
2894
2776
2837
3006
3159
3317
3389
3383
3444
3522
3491
3153
2866
2861
2964
3017
3191
3336
3489
3607
3704
3884
3790
3566
3027
2901
2988
3102
3167
3281
3400
3493
3525
3678
3698
3553
3316
3286
3423
3598
3779
3840
3957
4050
4142
4216
4059
3695
3191
3043
3028
3105
3210
3303
3391
3359
3413
3504
3454
3187
2892
2870
2977
3116
3218
3307
3394
3464
3451
3516
3447
3290
2909
2882
2992
3162
3225
3323
3462
3575
3652
3703
3589
3356
3003
2967
3058
3074
3171
3283
3417
3566
3596
3714
3652
3514
3106
3099
3206
3404
3597
3770
3887
3982
3934
3966
3849
3484
3129
3095
3153
3252
3372
3432
3510
3583
3678
3892
3742
3491
3112
3002
3050
3246
3413
3552
3534
3558
3567
3648
3337
2862
2543
2524
2585
2635
2753
2916
3110
3271
3444
3649
3633
3500
3161
3106
3188
3323
3448
3494
3551
3647
3731
3753
3643
3332
2939
2838
2903
3049
3199
3238
3305
3337
3408
3599
3586
3253
2932
2942
3022
3169
3296
3455
3623
3760
3896
4056
3930
3604
3132
2996
2997
3144
3280
3359
3418
3502
3519
3550
3414
3092
2749
2718
2822
2961
3142
3298
3375
3290
3138
3089
2988
2815
2491
2495
2620
2806
3000
3119
3112
3172
3260
3396
3401
3153
2948
3013
3146
3371
3640
3868
4042
4096
4149
4264
4011
3673
3260
3153
3208
3410
3562
3624
3666
3711
3758
3741
3542
3295
2864
2796
2868
3004
3094
3085
3109
3219
3330
3490
3337
3227
3040
3101
3251
3425
3604
3660
3740
3842
3956
4041
3830
3551
3089
3030
3120
3306
3456
3489
3551
3610
3629
3677
3561
3337
3017
3018
3053
3146
3229
3399
3562
3715
3796
3837
3676
3399
2916
2818
2902
3018
3112
3172
3216
3299
3407
3510
3444
3255
3034
3040
3143
3315
3497
3627
3763
3889
4045
4154
3872
3498
3049
2943
3034
3176
3317
3436
3526
3562
3527
3536
3320
3069
2652
2599
2726
2900
3097
3164
3222
3285
3362
3519
3554
3289
3002
3000
3100
3214
3375
3511
3673
3784
3816
3933
3788
3500
3062
2962
2989
3100
3242
3381
3446
3464
3548
3684
3617
3400
3035
2991
3047
3214
3409
3592
3727
3758
3795
3914
3776
3485
3089
3025
3075
3247
3378
3466
3481
3404
3370
3341
3074
2854
2608
2638
2670
2863
3059
3258
3427
3476
3539
3614
3543
3309
2927
2943
3093
3252
3336
3533
3689
3812
3786
3828
3596
3219
2782
2768
2929
3124
3234
3389
3563
3706
3783
3913
3764
3512
3140
3054
3130
3244
3413
3531
3572
3666
3763
3878
3635
3213
2799
2749
2766
2806
2904
3027
3204
3386
3450
3679
3690
3538
3261
3277
3415
3600
3815
4010
4182
4203
4276
4273
3989
3631
3195
3072
3135
3250
3377
3475
3556
3633
3623
3695
3422
3110
2789
2650
2705
2851
2959
3092
3166
3158
3223
3368
3316
2998
2715
2746
2799
2890
3067
3202
3361
3501
3525
3652
3641
3474
3151
3155
3287
3455
3534
3592
3720
3783
3777
3867
3767
3511
3172
3109
3216
3277
3394
3469
3550
3576
3627
3781
3561
3336
3011
2880
2937
3058
3222
3362
3433
3399
3460
3568
3503
3180
2881
2869
2973
3103
3211
3365
3471
3567
3675
3811
3768
3560
3227
3219
3264
3290
3383
3503
3599
3716
3798
3852
3731
3479
2945
2815
2877
2976
2968
3071
3225
3412
3568
3627
3591
3398
3093
3025
3117
3256
3364
3500
3637
3737
3876
4052
3956
3666
3155
3003
3016
3117
3176
3201
3247
3222
3237
3308
3244
3032
2752
2660
2722
2865
3012
3151
3130
3206
3320
3474
3480
3276
2897
2827
2910
3014
3009
3081
3197
3303
3449
3504
3487
3303
3028
3016
3105
3253
3316
3409
3496
3611
3720
3843
