16
22
27
32
30
29
28
29
30
29
28
29
34
43
57
66
73
84
90
96
102
104
109
114
117
120
116
121
132
150
163
167
186
197
207
212
217
226
225
234
240
250
249
247
266
273
279
290
294
291
282
286
286
298
295
304
316
320
329
340
351
341
332
339
365
399
419
433
435
449
452
461
453
452
467
495
529
547
548
549
552
568
555
537
519
509
506
538
591
653
698
737
716
730
714
702
658
584
530
533
563
595
617
633
662
694
726
764
779
781
785
814
870
889
840
837
816
815
838
863
844
831
783
774
766
785
805
823
858
875
908
932
872
814
757
745
737
759
751
747
768
763
744
725
708
685
673
702
725
744
756
747
761
772
792
820
821
796
758
775
781
741
669
631
641
646
668
685
693
683
700
746
823
894
910
911
785
693
667
667
672
681
686
747
807
871
903
961
1005
1051
1074
1077
1016
931
812
775
793
848
916
938
957
968
970
988
970
867
702
668
662
695
722
762
815
865
861
853
717
599
568
582
645
739
844
935
990
1026
1061
1084
1102
1017
904
834
827
883
962
1039
1134
1180
1171
1062
993
952
924
923
934
1005
999
959
945
953
955
988
999
1010
1028
1104
1179
1247
1286
1314
1300
1283
1114
1055
1026
964
956
996
1077
1171
1263
1322
1348
1342
1354
1349
1105
881
754
700
723
771
840
919
987
1038
1047
1062
1018
990
967
968
1026
1088
1152
1217
1257
1345
1375
1394
1321
1216
1129
1124
1190
1260
1336
1405
1448
1422
1245
1034
926
872
828
855
945
1039
1125
1246
1332
1417
1429
1477
1436
1363
1272
1108
1024
1008
1030
1089
1162
1257
1338
1433
1474
1485
1460
1473
1479
1490
1398
1230
1166
1184
1243
1303
1340
1359
1311
1309
1333
1388
1449
1528
1651
1758
1851
1881
1811
1716
1578
1513
1523
1545
1599
1687
1774
1880
1927
1883
1754
1596
1452
1405
1242
1108
1041
1043
1069
1122
1185
1283
1351
1367
1318
1263
1149
982
819
698
669
678
707
755
793
829
855
907
993
1090
1188
1285
1424
1560
1705
1885
1932
1827
1606
1443
1438
1509
1597
1742
1909
2042
2028
2002
1885
1662
1468
1364
1362
1449
1532
1621
1726
1818
1947
2031
2009
1927
1836
1856
1912
1946
1953
1940
1950
1753
1635
1543
1505
1502
1513
1633
1747
1840
1786
1784
1759
1742
1714
1740
1706
1650
1580
1645
1594
1495
1342
1298
1337
1445
1573
1715
1810
1837
1803
1830
1880
1918
1903
1877
1598
1461
1416
1447
1449
1449
1467
1563
1664
1794
1797
1788
1617
1512
1482
1511
1505
1519
1516
1591
1681
1750
1833
1893
2011
2109
2166
2220
2210
2074
1941
1919
1952
2012
2028
2080
2169
2283
2318
2253
1947
1752
1542
1509
1548
1619
1706
1813
1946
2038
2145
2239
2285
2209
2104
2020
2010
2038
2092
2178
2273
2376
2456
2534
2510
2427
2205
2174
2151
2161
1979
1608
1478
1478
1531
1631
1676
1689
1664
1662
1666
1602
1462
1441
1459
1553
1702
1890
2007
2055
2015
1914
1798
1676
1637
1672
1795
1980
2206
2452
2586
2497
2228
2030
1934
1922
1958
2048
2132
2232
2359
2423
2348
2263
2149
2040
1995
2033
2159
2346
2468
2347
2310
2290
2252
2157
1954
1814
1707
1683
1719
1837
2040
2266
2521
2751
2834
2711
2378
2156
2009
2054
2120
2260
2424
2614
2751
2655
2392
2217
2091
2085
2107
2146
2213
2259
2296
2306
2388
2482
2511
2485
2297
2157
2080
2094
2155
2201
2098
2054
2025
2026
2008
2016
2018
2119
2188
2176
2211
2186
2217
2252
2379
2451
2355
2248
2166
2220
2340
2562
2693
2722
2704
2672
2646
2693
2660
2578
2431
2376
2437
2584
2695
2704
2644
2538
2305
2163
2087
2062
2058
2171
2226
2103
1998
1977
2009
2039
2170
2324
2376
2213
2123
2171
2323
2464
2536
2558
2502
2402
2354
2402
2477
2480
2449
2468
2569
2650
2645
2672
2775
2911
3054
3157
3136
2961
2695
2375
2134
2010
1927
1858
1740
1651
1605
1630
1639
1660
1684
1809
1983
2198
2327
2372
2275
2253
2256
2275
2117
1883
1755
1744
1786
1852
1949
2028
2019
1814
1677
1661
1630
1577
1509
1578
1711
1880
1947
1930
1771
1726
1746
1818
1851
1845
1778
1781
1835
1953
1987
2035
2008
1943
1919
1951
1988
1988
1890
1932
2040
2144
1975
1914
1955
2039
2115
2125
2124
1986
1800
1715
1673
1665
1723
1808
1930
2042
2136
2272
2323
2264
2103
2079
2139
2260
2352
2296
2241
2205
2225
2288
2255
2128
1971
1910
1888
1900
1963
2020
2107
2178
2231
2147
1968
1871
1733
1740
1844
1981
2119
2239
2269
2334
2273
2288
2289
2252
2238
2251
2303
2137
2100
2078
2089
2104
2129
2153
1948
1848
1824
1882
1929
1978
2029
2133
2132
1978
1911
1919
1972
1940
1945
1953
2001
1934
1668
1525
1529
1578
1645
1764
1830
1889
1943
2080
2244
2382
2370
2352
2284
2264
2161
2109
2107
2049
1941
1843
1844
1920
2025
2136
2251
2279
2249
2166
2022
1891
1818
1890
2061
2235
2294
2232
2132
2007
1985
2057
2124
2216
2317
2486
2526
2547
2525
2512
2501
2480
2369
2329
2247
2175
2100
2143
2156
2045
1918
1973
2070
2216
2357
2500
2478
2245
1992
1809
1742
1745
1828
1951
2102
2291
2449
2473
2238
1969
1754
1745
1811
1918
2034
2153
2080
1962
1828
1800
1818
1827
1847
1971
2152
2272
2241
2212
2215
2233
2222
2278
2380
2402
2179
2154
2182
2239
2261
2363
2531
2611
2615
2596
2580
2480
2338
2224
2206
2290
2381
2473
2499
2572
2563
2499
2465
2451
2305
2245
2211
2203
2244
2314
2389
2388
2192
2119
2031
2002
2031
2160
2359
2461
2485
2414
2428
2466
2478
2407
2238
2164
2127
2238
2391
2548
2747
2974
3129
2974
2796
2706
2612
2435
2305
2257
2309
2330
2383
2477
2622
2806
2964
3084
2944
2628
2331
2209
2222
2320
2423
2485
2579
2549
2508
2555
2563
2550
2552
2572
2561
2551
2415
2338
2300
2294
2304
2309
2328
2283
2308
2387
2404
2432
2443
2414
2255
2201
2224
2308
2422
2394
2118
1983
1941
2017
2183
2397
2571
2732
2784
2862
2828
2664
2413
2271
2277
2278
2179
2179
2273
2458
2663
2771
2615
2437
2271
2280
2374
2409
2366
2330
2410
2512
2647
2721
2567
2368
2237
2239
2274
2280
2344
2422
2503
2603
2614
2584
2479
2386
2298
2317
2412
2505
2647
2782
2941
3000
2932
2763
2559
2348
2174
2219
2317
2429
2589
2730
2866
3046
3133
3052
2870
2586
2320
2129
2167
2294
2420
2529
2648
2704
2731
2656
2565
2497
2426
2408
2463
2454
2542
2647
2803
2983
3073
3141
3072
2832
2628
2564
2557
2640
2645
2708
2827
2989
3036
2871
2705
2544
2374
2383
2488
2615
2688
2718
2699
2785
2915
3057
2879
2620
2388
2313
2344
2434
2463
2514
2620
2738
2925
3011
2920
2712
2554
2479
2474
2484
2511
2605
2699
2715
2835
2995
3060
2905
2678
2501
2413
2412
2434
2517
2627
2819
2930
3082
3100
3073
3012
3061
3054
2973
2822
2709
2666
2710
2674
2614
2568
2557
2518
2545
2467
2438
2450
2540
2647
2684
2503
2392
2272
2190
2011
1958
2055
2227
2312
2433
2568
2742
2797
2839
2723
2573
2484
2514
2451
2432
2449
2531
2623
2747
2773
2696
2627
2511
2521
2727
2965
3243
3451
3484
3453
3368
3383
3369
3267
2970
2676
2603
2740
2861
2714
2632
2676
2747
2856
2899
2820
2688
2584
2623
2665
2728
2721
2598
2489
2444
2402
2415
2383
2463
2585
2821
3039
3113
3143
3019
2905
2861
2891
2946
2916
2801
2681
2519
2482
2623
2730
2851
2985
3059
3008
2985
2940
2848
2705
2684
2799
2893
2988
2921
2921
2991
3099
3093
2862
2663
2538
2598
2635
2752
2740
2822
2934
3006
3013
2958
2840
2669
2527
2463
2533
2640
2702
2879
3083
3193
3205
3049
2841
2654
2522
2567
2752
2998
3297
3634
3829
3903
3742
3591
3377
3116
2823
2689
2751
2907
3103
3401
3723
3809
3666
3547
3351
3169
2988
2934
3031
3021
3040
3082
3162
2963
2826
2762
2601
2513
2457
2543
2747
2981
2969
2792
2689
2667
2730
2843
2922
2955
2923
2998
3136
3025
2992
3019
2952
2886
2833
2806
2685
2385
2192
2116
2194
2311
2392
2336
2233
2189
2173
2264
2310
2351
2318
2291
2195
2204
2264
2365
2503
2566
2500
2414
2300
2247
2172
2234
2189
2105
2072
2059
2085
2138
2187
2298
2256
2142
1886
1578
1494
1513
1606
1696
1768
1840
1954
2034
2098
2022
1896
1952
2095
2304
2531
2777
2770
2767
2780
2782
2709
2558
2364
2286
2320
2420
2547
2717
2882
3009
3179
3273
3260
3018
2769
2612
2567
2617
2636
2603
2577
2637
2760
2913
2925
2579
2311
2186
2175
2235
2306
2413
2537
2652
2773
2828
2662
2553
2442
2526
2690
2861
2853
2812
2762
2754
2750
2686
2535
2412
2282
2265
2312
2359
2354
2349
2410
2501
2620
2737
2702
2557
2403
2368
2456
2553
2662
2783
2917
3091
3124
3107
2959
2713
2450
2277
2303
2398
2502
2569
2587
2615
2642
2673
2664
2575
2512
2544
2523
2584
2624
2693
2698
2670
2621
2651
2694
2668
2549
2508
2444
2417
2438
2470
2584
2607
2444
2311
2257
2272
2283
2408
2589
2739
2806
2809
2799
2868
2880
2867
2699
2566
2450
2472
2483
2537
2587
2736
2723
2737
2742
2764
2702
2537
2250
2090
2115
2180
2295
2461
2635
2673
2698
2606
2494
2397
2323
2388
2559
2709
2756
2671
2679
2676
2676
2689
2652
2657
2548
2499
2478
2414
2393
2461
2532
2546
2554
2589
2630
2688
2711
2800
2784
2712
2639
2589
2603
2637
2656
2633
2534
2412
2334
2372
2390
2338
2239
2206
2232
2259
2316
2420
2482
2492
2471
2570
2770
2996
3065
2958
2896
2931
2989
3035
2931
2736
2518
2444
2496
2514
2470
2481
2519
2521
2546
2591
2484
2447
2477
2656
2949
3023
2934
2902
2780
2694
2551
2527
2570
2648
2667
2801
2841
2809
2754
2781
2806
2769
2726
2700
2661
2594
2460
2477
2612
2801
2941
3014
3012
3041
3017
3026
3028
2914
2731
2622
2612
2680
2735
2797
2895
2976
3027
3070
2965
2899
2772
2746
2771
2806
2818
2806
2790
2672
2621
2558
2510
2418
2266
2263
2328
2495
2579
2604
2690
2761
2820
2942
2814
2727
2573
2559
2567
2565
2602
2735
2910
2968
2885
2801
2651
2531
2380
2390
2490
2672
2853
3085
3292
3439
3413
3319
3022
2785
2546
2525
2527
2575
2653
2810
3043
3154
3234
3265
3235
3083
2862
2669
2566
2535
2568
2694
2834
2931
2844
2817
2720
2499
2270
2209
2218
2281
2372
2520
2684
2743
2772
2762
2613
2491
2355
2353
2371
2463
2570
2615
2693
2800
2921
3135
3158
3157
2954
2856
2875
2932
3050
3189
3225
3223
3279
3336
3219
3026
2781
2625
2569
2649
2732
2741
2801
2789
2793
2851
2722
2537
2398
2392
2501
2693
2771
2825
2828
2921
3089
3194
3097
2766
2449
2306
2348
2443
2632
2839
3014
3197
3281
3357
3080
2813
2622
2585
2650
2704
2833
2893
2999
3096
3160
3167
3002
2846
2640
2572
2685
2810
2990
3143
3187
3170
3153
3166
3080
2955
2733
2692
2769
2838
2981
3156
3127
3113
3025
2990
2823
2657
2474
2407
2414
2485
2591
2765
2886
2921
2836
2816
2777
2711
2528
2472
2518
2641
2761
2640
2576
2556
2602
2636
2504
2355
2315
2395
2528
2621
2583
2530
2466
2473
2498
2575
2558
2568
2528
2568
2739
2931
3053
3237
3343
3499
3363
3290
3120
2968
2839
2829
2869
3001
3179
3202
3197
3241
3140
3017
2775
2569
2363
2378
2495
2676
2839
2891
2860
2876
2850
2771
2633
2540
2471
2503
2529
2635
2745
2612
2458
2306
2229
2249
2214
2164
2103
2086
2031
2101
2170
2276
2371
2456
2495
2489
2374
2218
2099
2015
1938
1943
1987
2045
2129
2180
2216
2217
1975
1814
1664
1642
1704
1709
1622
1698
1795
1922
2062
2164
2210
2078
1872
1821
1905
2013
2118
2222
2343
2394
2349
2291
2203
2062
1930
1926
1908
1923
1947
2012
2104
2208
2297
2401
2404
2340
2168
2112
2118
2163
2176
2147
2143
2151
2151
2182
2010
1884
1730
1709
1751
1859
1981
2039
2010
2044
2099
2153
2078
1848
1643
1577
1612
1690
1759
1873
1995
2021
1977
2016
1998
1961
1901
1941
2070
2153
2129
2146
2246
2349
2498
2589
2516
2446
2277
2260
2331
2439
2445
2411
2406
2420
2397
2422
2380
2220
2001
1946
2020
2112
2191
2300
2361
2426
2426
2463
2377
2263
2130
2132
2141
2191
2271
2300
2331
2282
2277
2326
2284
2136
1917
1813
1839
1904
1954
1993
2019
2049
2066
2104
2087
2018
1961
1967
2046
2124
2190
2243
2296
2345
2391
2397
2217
1984
1831
1814
1888
1999
2102
2120
2060
1999
1993
2018
1951
1870
1760
1719
1706
1782
1834
1915
2013
2111
2170
2261
2144
1958
1776
1756
1851
1968
2079
2154
2182
2191
2104
2141
2113
2027
1977
2044
2174
2301
2409
2498
2642
2698
2718
2709
2579
2339
2043
1955
1989
2064
2132
2189
2241
2292
2291
2230
2079
1902
1713
1609
1616
1622
1593
1542
1383
1358
1392
1468
1543
1576
1613
1702
1804
1918
2018
2091
2096
2106
2136
2205
2129
1955
1823
1852
1939
2067
2151
2239
2277
2261
2261
2338
2334
2264
2179
2186
2219
2231
2253
2291
2346
2407
2471
2418
2299
2155
2018
1999
2046
2071
2010
1986
1987
2005
2040
2083
2061
2022
1854
1764
1809
1908
2008
2103
2213
2271
2313
2269
2092
1962
1870
1912
2049
2170
2271
2342
2404
2438
2457
2466
2305
2104
1939
1911
1971
1994
1941
1924
1949
1972
2022
2094
2081
1999
1809
1671
1481
1300
1150
1167
1248
1355
1478
1589
1653
1625
1592
1646
1738
1838
1959
2071
2237
2420
2554
2676
2667
2526
2358
2324
2413
2489
2587
2674
2745
2792
2766
2776
2618
2393
2092
1903
1826
1831
1834
1868
1919
1958
1997
2053
