15
20
25
30
35
38
43
48
53
58
63
71
82
98
116
136
160
187
217
252
289
325
368
414
471
537
615
711
822
945
1088
1252
1435
1640
1875
2137
2434
2770
3087
2993
3015
3117
3203
3329
3444
3437
3253
3040
2802
2529
2264
2201
2231
2303
2370
2477
2560
2619
2610
2594
2571
2577
2604
2719
2944
3287
3664
4036
4317
4303
4252
4229
4174
4039
4009
4260
4350
4434
4481
4625
4725
4809
4605
4556
4467
4418
4167
3949
3884
4174
4372
4642
4530
4534
4429
4315
4053
3696
3439
3592
4021
4490
4819
4999
5006
4970
4863
4755
4402
4097
3844
4063
4538
5057
5560
5721
5269
5051
4937
4997
4956
4715
4493
4665
4999
5369
5615
5816
6107
6354
6431
6288
5741
5252
4886
4943
5146
5523
5981
6393
6582
6471
6539
6559
6249
5702
5041
4862
4954
5075
5131
5263
5517
5845
6053
6370
6447
6219
5832
5855
6069
6309
6635
7111
7545
7984
7838
7805
6989
6062
5252
5069
5217
5602
6060
6716
7426
7927
8278
8211
7520
6802
6097
5908
6094
6481
7106
7838
8681
8640
8294
7962
7300
6777
6338
6569
7124
8020
8945
9946
10950
11934
12455
11540
10407
9134
8186
8210
8704
8708
8758
8704
8601
8343
8067
7943
7427
7003
6609
6746
7050
7593
8137
8485
8603
8697
9015
8547
7851
7131
6586
6746
7113
7429
7651
7945
8215
8455
8498
8885
9112
9215
8814
8556
8656
8581
8530
8713
8989
9276
9260
9034
8203
7437
6908
7079
7630
8106
8170
8112
7903
7862
7845
8022
8046
7677
7343
7449
7903
8435
8605
8890
9219
9684
9793
9875
9559
9152
8728
8835
9142
9471
9615
9718
9622
9861
10331
11244
11717
11586
10472
9902
9714
9656
9470
9390
9348
9374
9306
9570
9492
9359
9430
10274
11259
11166
10860
10613
10721
11084
11463
11980
11856
11464
10954
10371
10154
10236
10385
10840
11181
11283
11353
11692
11793
11630
10906
10550
10685
11068
11402
11900
12066
12058
11899
11772
11281
10545
9735
9874
10539
11214
11726
12031
11960
11844
11669
11688
11452
11149
10561
10919
11207
11428
11570
11971
12475
13068
13485
13463
12995
12625
12205
12803
13025
12971
12930
12825
12657
12583
12553
12582
12427
11978
11646
12126
12660
12827
13123
13244
13299
13420
13582
13523
13211
12609
11931
11911
11689
11795
11936
12292
12969
13819
14132
13932
12971
12043
11429
11825
12518
13442
14458
15666
15994
16214
16163
15903
15287
14355
13127
12777
12909
13208
13604
14091
14418
14456
14590
14649
14088
13288
12220
12194
12881
13650
13910
14262
14250
14354
14451
14926
15002
14533
13326
13187
13793
14568
15139
15505
15630
15516
15344
14981
14165
13428
12888
13368
14159
15063
15967
16883
16730
16227
15930
15545
14414
13382
12610
12970
13858
15105
16081
16578
16947
17352
17707
17732
17559
16873
15799
15376
15652
15937
16015
16192
16428
16477
16524
17141
17157
16838
16258
16374
16743
17121
17112
17124
16745
16196
15824
15835
15431
15097
14963
16024
17491
18055
18058
17670
17551
17538
17303
17337
16611
15646
14947
15490
16087
16568
16521
16401
16389
16519
16897
17530
17231
16302
15070
15092
15793
16797
17664
17637
16608
15691
14928
14563
13475
12275
11257
11496
12307
13456
14586
15605
15678
15460
15320
15218
14539
13667
12823
13021
13550
13820
14169
14701
15044
14972
15113
15280
14896
13632
12347
12381
13090
13967
14849
15753
16471
17064
17013
17022
16112
14945
13225
12741
12966
13534
13861
14411
15005
15159
15003
15212
14676
13710
12586
12926
13628
14718
15750
16695
16975
17034
17119
17257
16467
15410
14017
13992
14511
15370
16098
16980
17759
17798
17250
16441
14713
12965
11606
11937
12969
14298
14619
14727
14931
14824
14793
15059
14493
14020
13527
14351
15683
16564
17244
18086
18509
18316
17995
17511
16714
15501
14022
13744
14312
15584
16696
17607
17640
17285
16724
16645
15667
14877
14087
14255
14888
15404
15658
16222
16911
17287
17282
17530
17184
16481
15633
15436
15293
15586
15851
16230
16487
16712
16568
16604
15955
15334
14753
15466
16146
16697
17323
17952
18470
18604
18101
17701
17031
16100
14939
14668
14706
15139
15326
15719
16155
16676
16250
15875
14812
13955
13250
13929
15120
16065
17161
17864
17797
17526
17569
18168
18128
17852
17134
16780
15913
15873
15656
15804
16370
16873
17301
17352
16692
15559
13979
13939
14494
15453
15670
15955
16148
16121
16316
16433
16060
15053
14108
14458
15244
16189
16524
16557
16295
16212
15955
15886
15243
14168
12968
13409
14439
15453
16044
16146
16117
16035
15946
16022
15648
14918
14167
14770
15802
16677
16463
16239
16312
16554
16755
16888
15953
15028
14054
14514
15083
15780
15725
15714
16020
16245
16339
16345
15537
14641
13694
14205
15200
16385
16929
17301
17434
17817
17842
17806
16627
15362
14232
14753
16036
17459
18087
18125
17895
17729
17489
17319
16070
14787
13465
13651
14438
15574
15884
16298
16429
16675
16930
17621
17128
16195
14646
14441
14926
15815
16721
17250
17483
18111
18531
19264
19158
17245
15096
14273
14161
14631
14836
15330
15897
16540
17051
17608
17355
16624
15372
15607
16037
16751
17369
17984
18400
18386
18258
18219
17179
16152
15095
15114
15796
16737
17091
17338
17220
17216
17299
17176
16302
15404
14533
14827
15307
16096
16924
17918
17949
17794
17807
18181
17860
16851
15506
15725
16495
17349
17696
17980
18188
18478
18882
18952
17951
16659
15460
15651
16437
17600
18331
18816
19103
19306
19130
19014
17902
16713
15064
14878
14940
15595
16104
16752
17644
18099
18122
18221
17644
16837
15579
15574
16185
17099
17603
18395
19008
19644
19869
20098
18985
17606
16373
16615
17066
17815
18203
18768
19042
19331
19433
19476
18485
17637
16162
16027
16421
17120
17870
18732
19319
19252
18834
18763
17816
16846
15611
16004
17194
18471
19264
19807
20427
20798
20961
20858
19340
17351
15321
15322
16106
16995
17219
17518
17774
18317
18456
18513
17878
17159
16329
16955
17740
18438
18706
19278
19864
20331
20898
21406
20128
18671
17048
17266
18017
19034
19383
19836
20127
20030
19897
19303
17961
16656
15271
15493
16067
16794
16885
17367
17965
18562
19234
19630
19409
18554
17454
17646
18384
19441
20211
20879
21283
21613
21811
21932
20917
19472
17689
17391
17802
18643
19152
19719
20586
21158
21088
21075
19701
18235
16633
16650
17095
17721
18067
18694
19408
20132
20701
20747
20261
19364
18294
18096
18351
19098
19667
20425
21224
21757
21725
21757
20486
18851
17319
17508
18047
18553
18835
19171
19085
19162
19208
19929
19785
19326
17970
17930
18421
19041
19476
19951
20453
20660
20816
21040
20231
18590
17094
17426
18439
19821
20620
20851
20577
20517
20251
20258
19488
18711
17915
17923
18262
19071
19745
20443
20767
21067
21120
21429
21110
20261
18545
18384
18832
19874
20239
20601
20881
20769
20501
20245
19302
18249
17163
17729
18662
20178
21184
22281
22829
22968
22404
22006
21047
20016
19072
19691
20475
20911
21132
21289
21642
21710
21085
20722
19705
18591
17388
17862
18722
19768
20408
21154
21263
21168
21020
21156
20359
19675
18826
19178
19777
20502
20845
21277
21852
22563
22831
22763
21139
18925
16670
16415
17231
18570
19388
20063
20760
21368
21662
21810
21039
20043
18980
19541
20749
22378
23632
24627
24863
24806
24300
23848
22796
21367
19747
19514
20037
21231
21983
22771
23072
22849
21994
21675
20245
18640
17032
17271
18395
19782
20375
21120
21672
22132
22607
23041
21807
20145
18046
17872
18647
19889
20846
21957
22809
23004
22766
23107
22436
21484
20202
20866
21577
22674
23521
24784
25328
25592
25136
24133
22256
20266
18366
18271
19327
21022
22473
23357
23541
22681
22011
21355
20182
19028
18159
19219
20439
21717
22029
22363
22875
23495
23591
23257
21923
20585
19694
20449
21272
21960
22341
22731
23152
23549
23739
24448
24195
22910
21317
21517
22059
22164
22213
22768
23770
24264
24547
24348
23380
21671
19956
20091
20842
21773
22428
23466
24043
24670
24688
24945
23962
22084
20017
20093
21089
22679
23371
23749
23946
24054
23890
23752
22119
20305
18826
19299
20627
22294
23197
23685
23373
23050
22509
22560
21766
20867
19552
20009
21199
22918
24260
25012
24984
24807
24738
24806
23964
22255
20224
20177
20975
22174
22638
23188
23301
23275
23378
24009
23742
22897
21000
20445
20809
21755
22525
23023
23545
24187
25010
25923
25206
23578
22189
22865
24141
25275
25368
25164
25168
25376
25599
26016
25365
24378
22613
22403
22547
23185
23130
23386
23491
23590
23725
23765
22501
21356
19908
19889
20267
20979
21581
22261
22768
23439
24195
24950
24382
23303
22237
22928
24204
25251
25633
25902
26050
26082
25872
26106
25492
24154
22219
22391
23264
24219
24512
24733
24990
25100
25208
25097
23901
22377
20794
20836
21545
22279
22568
23071
23647
24653
25860
27019
26546
25668
23871
23852
24756
25694
26346
27303
27433
27184
27140
26950
25799
24247
22881
22723
23193
23333
23106
22295
19735
18046
16753
15949
14561
13079
11522
11647
12410
13284
13651
14210
14767
15074
15411
15790
15151
14029
12771
13131
13995
15224
16015
16572
16954
17260
17432
17513
16278
14599
12711
12842
13759
15063
15795
16487
16558
16290
15762
15466
14174
12692
11146
11392
12132
13092
13817
14671
15298
15630
15882
16130
15294
14083
12652
12909
13736
14941
15447
15924
16291
16261
16081
15866
14885
13620
12161
12396
13330
14609
15533
16275
16622
16769
16894
16771
15520
13820
12101
12044
12768
13725
14361
15158
15916
16449
16698
16669
15665
14169
12626
12956
13834
15095
15879
16829
17217
17488
17617
17523
16254
14328
12350
12418
13115
14182
14765
15154
15327
15442
15566
15902
15179
14156
12837
13097
13867
14738
15296
15709
15961
16141
16230
16179
15079
13453
11902
12135
13040
14104
14824
15378
15758
16193
16206
16084
15079
13805
12270
12425
13334
14549
15321
15801
15707
15636
15563
15676
14962
13911
12518
12770
13479
14475
15099
15511
15974
16321
16524
16822
16142
14999
13584
13867
14735
15781
16199
16399
16427
16498
16454
16631
15402
13617
11703
11743
12529
13632
14320
15119
15595
15859
15909
15914
14927
13909
12769
13321
14401
15616
16446
17072
17361
17446
17299
17319
16223
14456
12525
12477
13176
14180
14777
15292
15688
15713
15612
15706
14632
13287
11595
11516
12126
13103
13859
14819
15390
15899
16132
16545
15744
14473
12654
12966
14043
15495
16492
17370
18079
18353
18259
17753
16214
14346
12475
12384
13048
13882
14236
14499
14766
14810
14801
14932
14113
12878
11511
11796
12624
13690
14477
15089
15546
16016
16267
16398
15415
14018
12262
12349
13225
14308
15038
15595
15873
15874
15922
16065
14936
13473
11906
11977
12784
13777
14122
14401
14457
14682
14744
15001
14348
13393
12338
12773
13586
14680
15207
15685
15988
16156
16201
16476
15932
14725
13232
13621
14710
16152
17246
17878
17801
17533
16926
16500
15098
13427
11727
11860
12634
13705
14417
15272
15887
16085
16122
16024
15132
13616
12106
12226
13143
14339
15122
15884
16411
16463
16498
16719
15950
14542
13036
13313
14146
15253
15891
16600
16824
16588
16524
16629
15477
14021
12276
12317
12998
13847
14435
15176
15894
16420
16731
16751
15815
14275
12360
12172
12965
14065
14778
15318
15691
16070
16169
16439
15296
13579
11727
11770
12548
13689
14412
15262
16006
16646
16980
17097
16031
14502
12703
12721
13438
14583
15481
16307
16856
17101
17028
16842
15599
13974
12253
12415
13257
14386
15003
15629
16015
16107
15821
15788
14878
13545
11925
12136
13093
14222
14791
15112
15415
15562
15772
15985
15362
14054
12529
12627
13428
14616
15429
16197
16845
16777
16587
16670
15699
14374
12662
12722
13434
14499
14841
15464
15649
15944
16186
16664
15871
14273
12178
12038
12802
13821
14534
15367
15877
16137
16017
16124
15249
14035
12580
12911
13752
14910
15534
16312
16759
16952
16974
17106
15903
14081
12052
12039
12766
13849
14465
15068
15718
16040
16168
16289
15057
13474
11614
11522
12189
13122
13768
14637
15429
16011
16255
16366
15372
13880
12309
12616
13631
14961
15871
16615
17258
17627
17514
17294
16048
14368
12564
12548
13394
14550
15140
15509
15744
15939
15911
16182
15281
13806
12113
12311
13182
14369
15018
15478
15874
15856
15747
15859
15183
13935
12465
12745
13564
14468
14947
15272
15605
15910
15890
16068
14914
13384
11626
11710
12530
13571
14103
14719
15061
15186
15298
15536
14667
13459
11850
11937
12787
13906
14678
15518
16060
16514
16857
17060
16083
14661
12986
13082
13883
14930
15495
16149
16768
17209
17367
17657
16649
15356
13502
13670
14663
16014
16742
17188
17458
16930
16333
15925
14319
12642
10920
10916
11640
12769
13298
13884
14420
14708
15048
15296
14661
13666
12363
12725
13596
14781
15557
16413
17055
17289
17272
17280
16277
14850
13311
13647
14506
15647
16020
16338
16549
16616
16586
16486
15145
13549
11997
12047
12653
13584
14012
14425
14507
14653
14777
15066
14152
12982
11630
11882
12726
13876
14833
15830
16588
16914
16987
17290
16630
15246
13325
13389
14288
15506
16136
16625
17049
17258
17143
16760
15081
13292
11538
11563
12173
12949
13378
13984
14469
14676
14959
15273
14643
13921
12924
13594
14698
15955
16590
17165
17163
17295
17294
17665
16717
15393
13583
13642
14394
15512
15910
16003
16008
16006
15690
15386
14314
12733
11111
11302
12081
12981
13712
14333
14838
15211
15309
15374
14598
13494
12107
12418
13439
14695
15352
16027
16224
16457
16521
16554
15602
14283
12743
12855
13725
14968
15666
16307
16591
16654
16420
16062
14651
13039
11360
11444
12335
13531
14208
14784
15118
15616
15831
15940
15073
13683
12317
12451
13143
14250
15006
15850
16455
16943
17059
17106
16049
14837
13452
13825
14798
15926
16634
17080
17195
17097
16949
16896
15667
14150
12383
12406
13118
14023
14208
14537
14819
15238
15368
15388
14381
13165
11752
11962
12815
13801
14539
15192
15810
16203
16488
16675
16021
14984
13632
13898
14829
15949
16520
17127
17679
17775
17676
17415
16310
14744
12777
12515
13010
13820
14144
14587
15033
15384
15536
15580
14720
13418
11780
11865
12614
13737
14280
14854
15349
15725
16180
16600
15971
14749
13279
13735
14825
16249
16851
17395
17505
17360
17236
17090
15802
14017
12239
12328
13062
14173
14912
15393
15571
15494
15276
15166
13737
12076
10531
10654
11322
12247
12997
13739
14515
14963
15508
15912
15348
14174
12647
12778
13646
14784
15421
15912
16445
17143
17613
17786
16649
15075
13409
13512
14146
14960
15442
16019
16500
16704
17025
17129
16334
14811
12913
12677
13274
14320
14931
15281
15583
15760
16006
16313
15422
14241
12707
12778
13643
14804
15488
16111
16553
16815
16815
16787
15315
13631
11768
11826
12522
13598
14209
14771
15385
15728
15860
16122
15324
14321
12918
13201
14076
15168
15918
16603
17241
17471
17459
17431
15991
14149
12013
11887
12556
13631
14187
14841
15301
15436
15395
15541
14804
13426
11830
11997
12948
14038
14714
15377
15851
16132
16276
16470
15862
14728
13206
13635
14577
15877
16568
17166
17422
17668
17682
17649
