18
26
34
42
50
45
42
41
40
40
40
46
56
72
92
116
132
147
150
144
133
129
124
122
132
145
156
170
189
211
221
222
215
192
169
151
141
142
141
148
163
177
187
192
187
185
180
167
155
146
148
154
161
170
183
187
204
202
206
217
217
210
214
221
228
243
254
275
281
289
292
286
275
266
246
221
205
202
212
229
242
253
268
280
299
276
265
258
264
279
284
283
290
302
320
343
356
325
284
254
241
253
276
269
277
263
261
275
263
256
229
245
259
247
257
268
286
302
319
320
280
263
251
260
285
314
349
362
381
391
401
398
386
362
334
329
342
361
387
410
427
465
487
507
479
445
425
418
440
447
472
512
543
575
601
622
598
570
548
534
545
579
627
659
673
721
775
794
750
705
685
689
705
720
758
782
813
841
880
902
885
859
864
868
912
922
874
857
846
853
846
855
842
771
758
757
791
843
757
701
669
660
691
695
697
711
701
719
761
831
892
953
1004
1050
1100
1127
1022
914
797
757
757
792
836
891
919
963
997
1016
855
763
710
697
719
755
801
834
853
863
815
718
703
722
711
700
724
766
780
806
829
874
921
951
853
745
643
620
643
680
688
685
686
690
726
786
860
939
1023
1143
1250
1376
1476
1452
1368
1317
1284
1297
1278
1168
1079
1069
1126
1235
1337
1413
1313
1188
1112
1079
1006
937
912
922
980
1047
1126
1229
1351
1361
1335
1201
1119
1052
1020
1034
1112
1244
1375
1501
1596
1653
1694
1730
1503
1311
1186
1122
1127
1132
1169
1235
1313
1391
1496
1546
1359
1216
1128
1066
1089
1139
1204
1262
1319
1390
1444
1493
1543
1599
1672
1685
1509
1322
1240
1196
1223
1247
1266
1301
1328
1381
1428
1543
1563
1481
1267
1148
1109
1118
1152
1213
1286
1298
1274
1102
957
885
877
895
932
999
1079
1164
1261
1372
1495
1612
1706
1672
1661
1481
1403
1399
1420
1453
1441
1443
1485
1547
1620
1702
1755
1729
1617
1543
1546
1589
1680
1761
1813
1866
1833
1744
1549
1430
1417
1481
1544
1661
1680
1657
1425
1273
1187
1166
1230
1300
1396
1499
1602
1731
1811
1804
1697
1494
1414
1441
1486
1573
1645
1741
1806
1898
1964
1975
1774
1607
1525
1507
1579
1672
1755
1834
1917
1893
1649
1511
1424
1454
1520
1625
1701
1790
1875
1961
1972
1968
2002
1994
2052
2111
2257
2356
2421
2392
2118
1887
1795
1780
1791
1726
1576
1399
1292
1254
1293
1354
1401
1513
1643
1703
1676
1444
1298
1220
1187
1205
1305
1431
1577
1670
1749
1756
1723
1554
1461
1427
1425
1472
1584
1740
1943
2104
2206
2108
1880
1681
1534
1440
1457
1538
1665
1806
1831
1752
1612
1551
1523
1503
1462
1501
1588
1681
1768
1856
1991
2093
2116
2060
1874
1702
1620
1631
1675
1761
1787
1747
1696
1509
1419
1396
1396
1408
1429
1480
1556
1647
1748
1822
1877
1889
1935
1953
1906
1823
1725
1656
1505
1438
1430
1444
1452
1510
1553
1635
1672
1664
1599
1530
1255
1180
1167
1185
1234
1289
1327
1370
1400
1417
1442
1535
1670
1807
1935
1965
1999
2052
2129
2182
2147
2088
2054
2055
2096
2127
2179
2162
2144
2053
1877
1772
1675
1611
1579
1633
1754
1907
2081
2084
2013
1800
1630
1523
1470
1451
1424
1427
1518
1612
1669
1658
1668
1683
1720
1794
1733
1457
1257
1194
1239
1300
1385
1445
1529
1644
1769
1920
1988
2062
2115
2139
2204
2279
2310
2269
2187
2125
2085
2046
2132
2177
2203
2136
2093
2069
2054
1992
1869
1819
1811
1853
1887
1918
1891
1808
1811
1803
1770
1765
1799
1837
1909
1995
1950
1784
1582
1428
1444
1524
1620
1739
1871
1953
1946
1793
1651
1594
1512
1492
1562
1644
1760
1748
1612
1543
1520
1557
1566
1578
1587
1628
1693
1679
1533
1435
1467
1553
1697
1885
1880
1749
1518
1364
1272
1248
1296
1331
1419
1495
1588
1685
1644
1387
1230
1153
1149
1184
1235
1318
1371
1458
1532
1599
1659
1748
1764
1754
1828
1891
1926
1920
1933
1941
1947
1990
2019
2024
2001
1962
1895
1846
1819
1794
1792
1867
1927
1872
1606
1423
1318
1342
1445
1619
1784
1948
2064
2035
1937
1766
1623
1509
1448
1462
1541
1628
1709
1708
1675
1603
1493
1401
1317
1271
1249
1323
1461
1633
1813
1856
1813
1771
1735
1659
1610
1551
1540
1592
1721
1755
1692
1567
1522
1511
1554
1633
1668
1632
1570
1544
1515
1438
1354
1393
1456
1517
1564
1593
1572
1519
1471
1471
1506
1474
1331
1255
1201
1157
1168
1172
1176
1161
1160
1184
1236
1308
1373
1432
1506
1540
1613
1650
1638
1560
1450
1393
1438
1540
1650
1771
1786
1696
1564
1445
1329
1254
1171
1154
1194
1226
1248
1266
1302
1286
1244
1089
921
832
783
785
839
912
971
1049
1129
1194
1256
1322
1346
1332
1317
1276
1208
1060
1011
1026
1088
1153
1206
1266
1254
1187
1155
1144
1196
1269
1359
1472
1571
1669
1733
1742
1640
1514
1382
1336
1362
1423
1495
1576
1643
1647
1666
1642
1558
1414
1288
1240
1254
1217
1115
949
847
834
847
863
848
843
805
794
819
857
931
1004
1070
1141
1202
1278
1282
1219
967
753
647
623
632
675
717
765
803
826
854
854
876
902
943
991
1068
1148
1229
1268
1309
1204
997
786
598
479
388
345
287
236
197
183
186
197
205
214
218
224
235
272
316
367
421
470
530
585
619
618
617
609
622
664
743
841
946
1028
1107
1158
1110
1002
819
639
530
484
501
523
565
608
638
690
718
737
724
739
787
844
901
937
984
1038
1083
1105
1038
958
785
637
529
501
525
563
605
627
667
700
703
700
724
752
801
870
956
1031
1125
1197
1242
1285
1272
1239
1171
1146
1151
1218
1276
1324
1338
1359
1331
1288
1220
1133
1053
1015
1026
1015
923
771
629
571
546
550
566
585
603
620
646
717
802
893
961
1009
1071
1092
1074
1035
1005
984
959
867
754
635
607
617
646
682
709
737
779
783
824
880
930
983
1041
1119
1211
1274
1257
1221
1181
1164
1181
1236
1299
1343
1415
1448
1324
1207
1115
1040
951
911
927
984
1057
1099
1186
1229
1263
1265
1236
1183
1163
1181
1250
1277
1286
1113
911
798
755
746
745
765
785
819
852
910
962
1053
1152
1259
1389
1500
1602
1537
1353
1177
1074
1037
1050
1085
1119
1160
1193
1235
1260
1282
1342
1406
1457
1552
1652
1755
1811
1843
1852
1882
1830
1789
1730
1769
1852
1917
1960
1980
2001
1972
1927
1816
1574
1351
1232
1157
1169
1210
1225
1243
1272
1295
1289
1254
999
758
629
587
606
658
703
747
797
837
895
940
999
1064
1156
1245
1370
1478
1560
1623
1681
1749
1798
1875
1866
1860
1801
1824
1895
1982
2058
2110
2121
2114
2119
2153
2064
1944
1795
1693
1552
1508
1491
1481
1508
1535
1599
1635
1593
1490
1229
1065
994
998
1018
1077
1136
1219
1260
1318
1372
1437
1507
1552
1592
1480
1335
1239
1207
1194
1215
1257
1310
1387
1472
1566
1690
1731
1666
1399
1275
1252
1271
1305
1290
1283
1293
1337
1415
1485
1579
1682
1771
1835
1873
1888
1853
1782
1671
1512
1428
1399
1408
1451
1507
1552
1568
1593
1584
1486
1365
1191
1138
1155
1202
1253
1316
1390
1443
1489
1474
1407
1367
1367
1409
1235
1093
1044
1062
1109
1166
1208
1233
1217
1233
1302
1418
1549
1656
1668
1546
1428
1376
1357
1337
1319
1328
1357
1451
1550
1660
1752
1827
1797
1746
1706
1641
1605
1551
1562
1650
1758
1839
1825
1705
1576
1494
1458
1394
1322
1293
1319
1374
1472
1560
1638
1661
1556
1492
1432
1399
1358
1325
1390
1451
1530
1593
1660
1695
1650
1444
1357
1301
1290
1294
1351
1450
1552
1606
1480
1357
1284
1257
1269
1264
1302
1318
1385
1488
1616
1762
1893
1913
1690
1540
1451
1393
1360
1347
1379
1482
1591
1726
1807
1735
1742
1740
1788
1765
1737
1676
1705
1702
1542
1501
1485
1534
1608
1723
1783
1809
1814
1763
1780
1791
1782
1758
1770
1865
1912
1973
2052
2088
2015
1950
1967
2069
2148
2126
2127
2129
2162
2214
2238
2111
1864
1627
1511
1514
1584
1657
1681
1650
1590
1475
1377
1191
1073
988
935
932
963
992
1035
1101
1172
1216
1277
1244
1167
945
826
802
810
842
892
968
1027
1099
1166
1241
1282
1280
1321
1338
1331
1200
1167
1160
1189
1217
1256
1294
1274
1236
1233
1251
1293
1342
1409
1458
1540
1595
1646
1582
1497
1410
1394
1434
1382
1260
1208
1205
1187
1212
1210
1183
1149
1092
1056
1057
1106
1132
1104
994
927
897
898
891
866
849
848
862
910
950
1033
1127
1227
1308
1388
1377
1094
895
793
787
809
865
934
1010
1091
1165
1219
1279
1282
1246
1214
1176
1093
1029
1019
1075
1150
1220
1300
1371
1362
1255
1138
1094
1111
1141
1183
1212
1264
1303
1321
1331
1286
1199
1188
1138
1133
1159
1203
1241
1268
1307
1323
1295
1225
1156
1167
1169
1134
1002
958
957
991
1016
1067
1072
1065
1036
1049
1079
1174
1295
1362
1373
1314
1236
1233
1183
1140
1096
1083
1123
1201
1290
1383
1500
1633
1769
1879
1940
1960
1905
1879
1891
1937
1978
1939
1885
1850
1806
1755
1680
1586
1454
1319
1260
1244
1256
1285
1328
1382
1429
1473
1435
1325
1165
991
887
869
853
861
876
890
910
921
966
982
963
944
869
785
724
707
721
747
780
824
866
885
893
920
980
1042
1110
1207
1327
1394
1404
1317
1195
1114
1053
1052
1103
1165
1239
1284
1342
1393
1458
1490
1403
1148
1030
990
1022
1105
1193
1281
1330
1375
1415
1458
1478
1437
1245
1117
1074
1101
1130
1184
1211
1259
1267
1304
1280
1271
1256
1276
1326
1367
1384
1325
1258
1231
1234
1221
1087
955
877
861
883
936
977
1032
1076
1117
1183
1238
1277
1266
1215
1209
1272
1364
1452
1575
1636
1679
1684
1689
1601
1500
1391
1206
1107
1067
1087
1136
1172
1199
1222
1247
1243
1225
1199
1208
1251
1271
1231
1087
994
958
947
941
930
916
909
923
953
1009
1089
1186
1241
1306
1386
1454
1472
1414
1362
1360
1411
1498
1604
1707
1782
1863
1920
1951
1872
1719
1557
1501
1532
1579
1626
1649
1631
1478
1358
1268
1195
1119
1048
999
996
1024
1043
1078
1131
1211
1263
1322
1376
1362
1341
1330
1292
1168
1101
1063
1058
1087
1139
1192
1241
1276
1271
1280
1365
1447
1541
1599
1601
1464
1363
1307
1267
1205
1140
1064
1063
1093
1135
1172
1237
1295
1341
1356
1183
959
846
780
785
814
849
884
940
997
1055
1154
1219
1234
1242
1286
1351
1359
1241
1098
1056
1048
1072
1115
1148
1139
1096
1090
1103
1150
1223
1319
1408
1496
1603
1691
1693
1529
1283
1126
1081
1094
1136
1197
1281
1326
1361
1374
1309
1241
1185
1170
1204
1292
1379
1461
1544
1606
1668
1687
1630
1491
1238
1089
1025
1048
1097
1136
1198
1235
1263
1299
1281
1257
1219
1227
1213
1182
1048
937
935
959
988
1010
1004
974
947
951
999
1082
1196
1280
1405
1533
1647
1697
1709
1579
1401
1210
1123
1134
1159
1224
1285
1345
1407
1470
1449
1401
1331
1300
1256
1113
941
875
870
917
960
993
1004
1030
1030
1071
1123
1220
1294
1378
1432
1500
1532
1442
1274
1143
1067
1020
1038
1096
1153
1195
1248
1303
1338
1384
1350
1225
1048
924
841
830
861
891
946
980
1015
1053
1086
1064
1072
1084
1130
1030
900
833
794
785
793
822
842
871
879
911
967
1048
1148
1237
1335
1417
1478
1505
1394
1156
977
897
895
923
996
1061
1132
1171
1215
1274
1314
1298
1281
1287
1282
1215
1090
1065
1077
1122
1180
1233
1241
1233
1220
1205
1255
1291
1337
1391
1466
1569
1676
1732
1706
1611
1512
1465
1517
1612
1677
1728
1772
1781
1609
1500
1384
1282
1177
1107
1135
1199
1279
1384
1501
1565
1556
1368
1239
1131
1050
999
1038
1099
1188
1290
1389
1492
1588
1648
1594
1308
1181
1102
1100
1151
1231
1314
1363
1397
1459
1513
1552
1509
1434
1295
1206
1191
1220
1272
1338
1436
1504
1552
1488
1262
1014
941
958
1024
1110
1210
1290
1356
1392
1445
1463
1478
1503
1555
1617
1479
1449
1415
1418
1426
1434
1486
1480
1499
1465
1489
1511
1520
1421
1391
1377
1388
1414
1466
1454
1395
1362
1360
1380
1434
1425
1386
1272
1247
1257
1276
1252
1214
1182
1186
1214
1260
1351
1476
1595
1747
1905
2035
2055
1958
1840
1744
1754
1790
1862
1875
1892
1849
1817
1795
1736
1650
1556
1512
1544
1554
1486
1307
1252
1261
1306
1348
1391
1414
1441
1485
1523
1598
1624
1656
1517
1468
1442
1412
1350
1266
1172
1121
1112
1116
1140
1195
1265
1340
1435
1516
1600
1597
1547
1471
1425
1443
1474
1502
1546
1570
1598
1634
1623
1567
1489
1457
1463
1483
1517
1519
1415
1256
1152
1098
1038
990
937
933
965
1000
1016
1032
1060
1086
1131
1141
1010
813
633
570
569
597
627
645
663
669
673
695
718
760
808
881
974
1060
1159
1221
1288
1342
1332
1179
941
707
511
384
299
247
192
156
121
96
93
97
100
108
116
123
130
139
152
166
184
208
237
269
294
313
313
315
327
350
374
417
453
494
538
585
583
591
553
547
571
597
633
656
664
596
508
450
357
268
187
146
129
138
152
170
188
205
215
222
234
251
273
301
327
352
379
396
433
476
492
513
