16
22
28
34
39
43
48
53
58
63
68
77
89
105
121
140
163
187
216
247
282
319
362
410
468
536
601
680
772
874
944
999
1037
1067
1098
1110
1063
1003
981
998
1048
1106
1151
1202
1259
1273
1352
1418
1377
1330
1213
1188
1232
1313
1394
1516
1692
1931
2124
2344
2328
2104
1877
1837
1806
1934
2028
2168
2314
2400
2464
2592
2518
2225
2025
1933
1940
2010
2126
2260
2402
2516
2594
2767
2718
2747
2695
2663
2669
2737
2765
2797
2912
3024
3167
3355
3484
3615
3661
3999
3765
3570
3444
3482
3450
3355
3178
3166
3075
3116
3209
3517
3848
3956
3872
3853
3907
4014
4188
4361
4405
4321
4230
4327
4526
4519
4452
4401
4429
4370
4203
4165
3943
3605
3344
3297
3245
3424
3668
4040
4506
4945
5018
5052
4837
4538
4207
4085
4180
4154
4081
4206
4431
4683
4861
4999
4756
4502
4234
4259
4524
4864
5123
4999
4999
4999
4999
5081
4856
4616
4307
4275
4449
4647
4887
4999
5011
4999
4949
4999
4877
4834
4685
4797
5019
5309
5579
5603
5541
5394
5251
5222
5072
4999
4971
5191
5627
6134
6689
6207
5834
5472
5380
5277
4999
4824
4662
4943
5341
5789
6157
6107
5961
5841
5761
5803
5605
5321
5014
5065
5349
5627
5901
6269
6537
6841
7202
6988
6599
6053
5560
5452
5708
6154
6638
7011
7411
7649
7527
7475
6837
6216
5427
5162
5150
5366
5583
5838
6102
6249
6302
6567
6431
6265
5924
6039
6418
6991
7648
8378
9001
9568
9650
9187
8585
7836
7152
6847
6977
7345
7676
7543
7514
7520
7714
8036
8058
7995
7322
7083
7347
7959
8503
8705
8485
8199
8101
8208
8343
8349
8223
8561
8585
8240
7834
7555
7476
7616
7954
8420
8691
8541
8367
8636
8789
9110
9095
9092
9328
9598
10005
10567
10595
10398
9548
8998
8606
8661
8920
9455
10183
10888
10941
10866
10442
9273
8173
7839
7814
8045
8371
8743
9308
9832
10523
11212
11606
11792
11850
10834
10302
9995
9972
10114
10201
10218
10369
10968
11205
10734
10229
10511
11273
11690
11190
10891
10966
11419
11946
12677
12659
12102
10792
10010
9618
9594
9811
10159
10715
11277
12023
12911
11912
10576
9011
8274
8148
8491
9063
9701
10476
11062
10928
10861
10286
9695
8771
8564
8898
9476
10033
10545
10593
10632
10635
10714
10394
10047
9643
9831
10437
11113
11628
11696
11895
11729
11570
11490
11156
10452
9707
9618
9723
9844
9893
10002
10354
10848
11488
12194
12458
12491
12388
12412
11493
10993
10798
11018
11494
11985
12317
12708
12621
12069
11152
10834
10986
11481
11607
11453
11430
11516
11672
12138
11923
11741
11337
11380
11742
12108
12382
12765
12995
12949
12927
13061
12650
12057
11090
10684
10647
10961
11502
12323
13323
13908
14137
14328
13169
11704
10141
9606
9812
10398
11273
12169
13174
13961
14759
15449
15049
13651
12139
11374
11538
12213
13246
14379
14998
15013
14697
14348
13445
12269
10967
10567
10946
11782
12814
14041
15179
15623
14942
13866
12418
10992
9817
9587
10121
10152
10150
10149
10173
10114
10074
10307
10076
9617
8949
8793
8963
9460
10050
10473
10963
11350
11643
12124
11908
10848
9525
9108
9020
9333
9712
10000
10144
10188
10341
10655
10348
9803
8769
8522
8793
9270
9809
10230
9746
9479
9499
9708
9356
8645
7569
7138
7309
7641
8026
8489
8996
9377
9777
10141
9934
9189
8121
7757
7923
8251
8504
8916
9263
9496
9550
9939
9480
8709
7719
7595
7874
8198
8606
8953
9188
9334
9580
10058
10040
9357
8246
7839
8053
8354
8735
9114
9435
9680
9900
10023
9496
8552
7559
7379
7641
8186
8656
9270
9914
10269
10724
10624
9830
8673
7277
6750
6857
7252
7733
8395
9142
9915
10395
10797
10352
9509
8387
7994
8071
8372
8847
9574
10336
11085
11700
12042
11037
9751
8248
7686
7828
8307
8859
9624
10475
11121
11478
11832
11183
9830
8318
7332
7052
7150
7512
7875
8340
8715
8948
9326
8949
8020
6924
6637
6737
7096
7357
7742
8232
8663
9142
9784
9397
8741
7644
7303
7432
7662
7935
8321
8664
8936
9323
9749
9465
8578
7457
7033
7127
7398
7720
8171
8522
8988
9334
9710
9259
8395
7255
6893
6996
7455
7780
8255
8711
8939
9148
9446
8990
8026
7023
6746
6885
7253
7392
7721
8047
8420
8674
9139
8855
7883
6763
6392
6680
7076
7543
8028
8320
8647
8786
8819
8178
7132
5943
5604
5728
6077
6518
6959
7261
7586
7605
7805
7493
6788
5954
5822
6032
6457
6895
7316
7840
8239
8532
8889
8449
7574
6465
6104
6382
6912
7412
7972
8300
8659
8912
8971
8309
7235
6057
5666
5697
5995
6274
6669
6990
7333
7606
7975
7862
7361
6636
6608
6830
7402
7781
8281
8460
8661
8844
8911
8247
7345
6260
5983
6122
6516
7025
7500
8028
8253
8593
8938
8644
7786
6660
6286
6424
6675
7076
7355
7715
7949
7986
8041
7571
6759
5852
5601
5882
6392
6890
7292
7776
8013
8218
8466
7739
6810
5812
5615
5848
6199
6597
6980
7357
7735
8030
8382
8148
7442
6419
6117
6293
6703
7103
7613
8022
8395
8440
8684
8156
7243
6115
5764
6014
6365
6773
7239
7662
7983
8179
8502
8037
7287
6157
5854
5941
6298
6726
7173
7607
7954
8280
8463
8167
7428
6382
6033
6254
6617
7033
7316
7667
7837
7901
8097
7749
7017
6140
6082
6452
6866
7339
7673
7837
7923
8058
8271
7926
7226
6279
6073
6229
6681
7045
7549
7768
8083
8429
8728
8400
7595
6431
6095
6316
6640
7074
7388
7721
8085
8295
8749
8442
7763
6714
6397
6508
6754
7071
7293
7610
7697
7834
8133
7742
7000
6145
5954
6199
6666
7051
7510
7703
7720
7760
7901
7579
6731
5719
5507
5772
6211
6695
7192
7576
7928
8255
8649
8371
7639
6552
6212
6406
6819
7240
7769
8074
8376
8424
8494
7871
6899
5773
5440
5646
5949
6422
6935
7485
7878
8112
8398
7823
6979
5935
5649
5757
6141
6489
6864
7258
7693
8108
8554
8345
7605
6535
6183
6320
6753
7189
7516
7841
8173
8304
8662
8263
7471
6355
5967
6078
6340
6688
6842
7170
7358
7496
7768
7520
6811
5858
5747
5967
6432
6810
7298
7572
7789
7981
8391
8201
7381
6350
6060
6271
6696
7166
7566
7891
8206
8470
8662
8158
7370
6389
6082
6250
6459
6749
7060
7413
7668
7932
8275
8005
7240
6285
6098
6387
6737
7077
7326
7597
7947
8190
8555
8265
7487
6313
5989
6153
6583
6997
7386
7652
7858
8012
8326
7854
7195
6236
5993
6094
6452
6905
7303
7693
7900
8087
8407
7996
7440
6396
6131
6438
6995
7330
7684
7947
8152
8224
8556
8172
7459
6449
6035
6180
6616
6912
7270
7629
7761
8014
8390
8169
7402
6378
6189
6379
6717
7182
7459
7871
8030
8149
8435
8166
7490
6591
6442
6686
7061
7470
7949
8181
8301
8384
8544
7957
7073
5943
5532
5678
5978
6403
6740
7207
7450
7680
7896
7558
6778
5878
5647
5886
6338
6778
7370
7817
8329
8647
8898
8518
7684
6589
6348
6442
6831
7368
7867
8389
8596
8749
9020
8310
7318
6131
5733
5836
6171
6463
6897
7302
7606
7948
8364
8275
7813
6855
6547
6792
7173
7491
7901
8352
8638
8826
9030
8480
7414
6116
5673
5728
5987
6333
6705
7037
7421
7812
8325
8066
7396
6416
6270
6431
6649
6979
7280
7518
7898
8208
8578
8376
7687
6610
6276
6403
6658
6993
7300
7465
7622
7824
8258
7991
7376
6487
6272
6511
6998
7339
7766
8102
8249
8377
8726
8278
7466
6249
5847
6037
6498
6850
7285
7624
7911
8008
8192
7755
7066
6054
5904
6097
6570
6953
7484
7826
8107
8267
8480
8110
7232
6198
5929
6005
6248
6625
6985
7339
7703
7866
8275
8097
7317
6331
6101
6422
6936
7334
7777
8302
8629
8903
9249
8786
7827
6606
6238
6395
6816
7018
7395
7717
7913
8102
8175
7762
6959
5894
5612
5823
6204
6725
7123
7561
7803
8122
8414
8018
7264
6273
6032
6079
6398
6791
7264
7710
7955
8160
8418
8039
7412
6421
6071
6264
6566
6849
7221
7616
7873
8184
8368
7944
7080
5993
5610
5893
6233
6652
7084
7397
7733
7831
8168
7837
7187
6393
6203
6466
6906
7341
7800
8107
8510
8801
8975
8380
7437
6261
5921
6009
6471
6811
7313
7678
8108
8256
8591
8210
7454
6437
6179
6308
6721
7070
7548
7865
8207
8394
8627
8169
7300
6198
5845
6066
6415
6803
7059
7421
7640
7703
7834
7481
6750
5742
5520
5723
6143
6652
7094
7475
7794
8152
8551
8248
7768
6837
6742
7099
7538
7984
8336
8586
8742
8733
8792
8088
7073
5818
5343
5424
5707
6135
6498
6824
7060
7343
7456
7165
6585
5700
5461
5743
6169
6678
7153
7734
7925
8156
8450
8141
7503
6643
6523
6883
7255
7405
7689
7920
7930
8021
8283
7852
7198
6230
5966
6237
6720
7181
7575
7963
8295
8283
8538
8238
7488
6430
6101
6230
6460
6862
7099
7434
7542
7658
8042
7591
6893
6049
5976
6178
6625
6919
7312
7656
7936
8181
8634
8262
7447
6360
6042
6209
6631
7110
7488
7966
8209
8439
8700
8141
7339
6309
6065
6235
6667
7009
7480
7768
7983
8184
8403
7852
6874
5748
5514
5691
5944
6306
6593
6997
7245
7490
7686
7362
6746
5999
5870
6189
6652
7107
7569
8011
8371
8842
9163
8717
7835
6716
6441
6535
6803
7105
7298
7667
7787
7876
8109
7601
6862
5994
5888
6154
6628
7092
7409
7844
8048
8165
8352
7904
7195
6131
5907
6091
6532
6840
7305
7649
8046
8291
8570
8268
7655
6715
6595
6841
7302
7781
8254
8658
9000
9143
9454
8884
7851
6554
6089
6212
6575
7068
7408
7859
8088
8303
8572
7958
7103
5993
5709
5897
6020
6342
6710
7100
7333
7611
7930
7538
6839
5986
5826
6058
6543
6898
7411
7684
8000
8275
8513
8072
7238
6305
6146
6284
6693
7174
7610
8140
8409
8583
8700
8135
7252
6277
5996
6008
6324
6594
6992
7309
7595
7751
8006
7694
7083
6201
5986
6285
6709
7201
7803
8164
8548
8670
8846
8294
7346
6096
5653
5878
6349
6819
7258
7728
8116
8445
8797
8401
7523
6379
5962
6002
6456
6772
7212
7483
7702
7880
8077
7745
7098
6087
5762
6070
6533
7054
7431
7920
8054
8196
8421
7798
6923
5862
5667
5987
6487
7010
7500
7852
8073
8162
8422
7900
7062
6062
5700
5831
6066
6454
6802
7219
7622
7937
8261
8017
7406
6464
6334
6448
6752
7231
7619
8133
8378
8602
8955
8617
7774
6735
6410
6585
6996
7435
7849
8338
8468
8617
8871
8212
7254
6121
5761
5809
6168
6528
6948
7378
7657
7877
8246
8105
7452
6337
6072
6277
6724
7071
7496
7728
7956
8170
8436
8190
7464
6378
6040
6151
6583
6868
7280
7481
7751
7861
8091
7859
7186
6290
6073
6236
6438
6791
7190
7575
7909
8216
8500
8287
7443
6528
6303
6465
6900
7188
7635
7900
8066
8201
8342
7789
6958
5944
5627
5853
6221
6696
7091
7568
7911
8249
8504
8147
7306
6181
5898
6131
6583
6951
7424
7811
8031
8355
8600
8048
7232
6026
5658
5749
6020
6361
6629
6979
7247
7625
8004
7905
7293
6287
6158
6491
7001
7509
8068
8556
8988
9202
9232
8502
7445
6188
5796
5868
6290
6658
7049
7477
7702
7823
8111
7530
6685
5723
5405
5586
5927
6303
6730
7093
7417
7739
7992
7700
6987
6093
5924
6161
6419
6758
7138
7531
7823
8085
8511
8177
7521
6525
6206
6354
6556
6938
7215
7525
7715
7889
8219
8031
7559
6597
6374
6655
7093
7380
7773
7983
8065
8105
8390
7979
7174
6162
5875
6137
6488
6931
7242
7579
7919
8070
8382
8193
7326
6286
6087
6429
6956
7501
7886
8294
8637
8659
8928
8507
7651
6459
6092
6163
6459
6921
7314
7752
8050
8339
8615
8102
7213
6042
5663
5818
6086
6515
6829
7160
7339
7544
7856
7460
6850
5940
5753
5950
6386
6723
7192
7545
7716
7933
8320
8122
7620
6684
6422
6645
7155
7511
7990
8248
8546
8565
8707
8060
7129
6185
5845
5906
6195
6508
6831
7133
7328
7637
7962
7543
6778
5818
5544
5652
6004
6429
6786
7296
7691
8100
8643
8450
7765
6696
6547
6806
7221
7556
7981
8280
8356
8409
8579
8124
7286
6262
5979
6188
6642
7083
7508
7719
7977
7838
7842
7349
6543
5488
5259
5562
5919
6383
6757
7234
7475
7772
8244
7979
7351
6376
6157
6343
6758
6996
7316
7607
7823
8005
8187
7836
7130
6041
5645
5807
6186
6662
7076
7564
7936
8301
8679
8412
7717
6578
6262
6472
6954
7362
7947
8398
8725
8864
9076
8469
7520
6276
5849
5917
6243
6451
6765
7005
7295
7467
7695
7452
6888
6012
5790
6014
6445
6977
7456
7929
8196
8548
8934
8596
7858
6838
6574
6735
7166
7422
7782
8088
8114
8127
8310
7586
6623
5574
5270
5440
5796
6217
6584
6919
7203
7447
7838
7638
7084
6207
5998
6198
6441
6765
7042
7386
7660
7999
8521
8335
7869
7084
6905
7185
7594
7865
8292
8535
8673
8939
9154
8629
7757
6665
6254
6430
6800
7314
7771
8172
8481
8627
8779
8273
7334
6120
5794
5854
6184
6416
6880
7198
7595
7919
8358
8171
7556
6465
6140
6267
6715
7009
7474
7656
7805
7854
8036
7470
6752
5886
5794
6117
6671
7197
7592
8053
8396
8625
8904
8313
7267
6059
5688
5770
6111
6488
6856
7179
7499
7792
8220
8088
7445
6421
6209
6406
6815
7267
7742
8215
8668
8879
9178
8773
7892
6570
6110
6238
6627
6871
7220
7440
7569
7690
7928
7694
7223
6178
5945
6084
6429
6761
7218
7666
8064
8380
8764
8594
7937
6672
6168
6405
6715
7113
7391
7797
7980
8192
8369
8050
7245
6159
5784
5964
6464
6879
7300
7495
7789
7911
8045
7541
6805
5854
5582
5779
6090
6428
6726
7132
7415
7711
7786
7390
6656
5744
5565
5830
6147
6572
6865
7269
7573
7836
8331
8037
7445
6573
6378
6554
6894
7321
7715
8152
8550
8839
9339
9050
8040
6856
6411
6585
6887
7189
7554
7947
8264
8376
8437
7823
6878
5785
5437
5599
5944
6357
6849
7344
7603
7959
8462
8119
7517
6510
6197
6436
6809
7284
7662
8031
8259
8306
8441
8019
7187
6152
5810
5863
6222
6504
6942
7290
7637
7899
8387
8334
7840
6877
6687
6845
7293
7636
8033
8275
8242
8328
8498
8023
7146
6087
5798
5999
6315
6799
7208
7612
7861
8029
8282
7917
7039
6019
5777
6015
6389
6859
7258
7698
7968
8063
8343
